#FIG 3.2  Produced by xfig version 3.2.5b
Landscape
Center
Inches
Letter
100.00
Single
-2
1200 2

0 32 #888888
0 33 #888888
0 34 #ff0000
4 0 0 50 -1 0 10 0.0000 4 135 120 3350 3575 u\001
2 1 2 2 0 7 50 -1 -1 6.000 0 0 7 0 0 2
           3450 3450 8450 3450
4 0 0 50 -1 0 10 0.0000 4 135 120 3350 4175 v\001
2 1 2 2 0 7 50 -1 -1 6.000 0 0 7 0 0 2
           3450 4050 8450 4050
4 0 0 50 -1 0 10 0.0000 4 135 120 3350 4775 x\001
2 1 2 2 0 7 50 -1 -1 6.000 0 0 7 0 0 2
           3450 4650 8450 4650
2 2 0 0 0 12 51 -1 20 0.000 0 0 -1 0 0 5
1 3 0 3 0 0 49 -1 20 0.000 1 0.0000 4200 3450 45 45 -6525 -2025 -6480 -2025
1 3 0 3 0 0 49 -1 20 0.000 1 0.0000 4200 4050 45 45 -6525 -2025 -6480 -20253 2 0 3 0 7 50 -1 -1 0.000 0 0 0 3
4200 3450 4300 3750 4200 40500.000 -1.000 0.000

2 1 0 3 0 7 50 -1 -1 0.000 0 0 -1 0 0 2
4300 3750 6450 3750.0
1 3 0 3 0 0 49 -1 20 0.000 1 0.0000 4950 4050 45 45 -6525 -2025 -6480 -2025
1 3 0 3 0 0 49 -1 20 0.000 1 0.0000 4950 4650 45 45 -6525 -2025 -6480 -20253 2 0 3 0 7 50 -1 -1 0.000 0 0 0 3
4950 4050 4950 4350 4950 46500.000 -1.000 0.000

2 1 0 3 0 7 50 -1 -1 0.000 0 0 -1 0 0 2
4950 4350 5950 4350.0
2 1 0 5 11 7 51 -1 -1 0.000 0 0 -1 0 0 8
3950 3450 4450 3450 4450 3450 4450 4050 5450 4050 5450 4650 5450 4650 7950 4650
2 1 0 1 0 7 50 -1 -1 0.000 0 0 -1 1 0 2
1 1 1.00 60.00 120.00
3450 4950 8450 4950
2 1 0 1 0 7 50 -1 -1 0.000 0 0 -1 0 0 2
3450 4950 3450 4980
4 1 0 50 -1 0 20 0.0000 4 135 120 3450 5200 0\001
2 1 0 1 0 7 50 -1 -1 0.000 0 0 -1 0 0 2
4450 4950 4450 4980
4 1 0 50 -1 0 20 0.0000 4 135 120 4450 5200 2\001
2 1 0 1 0 7 50 -1 -1 0.000 0 0 -1 0 0 2
5450 4950 5450 4980
4 1 0 50 -1 0 20 0.0000 4 135 120 5450 5200 4\001
2 1 0 1 0 7 50 -1 -1 0.000 0 0 -1 0 0 2
6450 4950 6450 4980
4 1 0 50 -1 0 20 0.0000 4 135 120 6450 5200 6\001
2 1 0 1 0 7 50 -1 -1 0.000 0 0 -1 0 0 2
7450 4950 7450 4980
4 1 0 50 -1 0 20 0.0000 4 135 120 7450 5200 8\001
4 2 0 50 -1 0 20 0.0000 4 135 120 8450 5200 time\001