[[0.0498898 , 0.04709141, 0.        , 0.11049724, 0.24703088,
        0.03645833, 0.00766284, 0.00651466, 0.        , 0.11428571,
        0.02185792, 0.07361963, 0.20487106, 0.02479339, 0.0275762 ,
        0.03529412, 0.24207493],
       [0.06827309, 0.07233019, 0.13333333, 0.14917127, 0.152019  ,
        0.07291667, 0.13793103, 0.        , 0.16129032, 0.21904762,
        0.21857923, 0.25766871, 0.08166189, 0.21763085, 0.08708273,
        0.15882353, 0.2074928 ],
       [0.        , 0.06094183, 0.03305951, 0.0718232 , 0.11401425,
        0.        , 0.01532567, 0.        , 0.48387097, 0.        ,
        0.03825137, 0.        , 0.03151862, 0.11570248, 0.03773585,
        0.        , 0.        ],
       [0.08032129, 0.07479224, 0.07878788, 0.03626528, 0.11638955,
        0.01041667, 0.03065134, 0.00325733, 0.        , 0.01428571,
        0.18579235, 0.02453988, 0.01862464, 0.04958678, 0.06386067,
        0.00588235, 0.06340058],
       [0.41767068, 0.17728532, 0.29090909, 0.27071823, 0.08435183,
        0.015625  , 0.14176245, 0.0228013 , 0.32258065, 0.01428571,
        0.31147541, 0.04907975, 0.18911175, 0.12121212, 0.13642961,
        0.02352941, 0.15273775],
       [0.02811245, 0.03878116, 0.        , 0.01104972, 0.00712589,
        0.03846924, 0.00766284, 0.00977199, 0.        , 0.23809524,
        0.01092896, 0.02453988, 0.12320917, 0.18732782, 0.00435414,
        0.35294118, 0.24783862],
       [0.00803213, 0.09972299, 0.02424242, 0.0441989 , 0.08788599,
        0.01041667, 0.05229413, 0.02931596, 0.        , 0.0047619 ,
        0.16939891, 0.        , 0.07163324, 0.19559229, 0.17271408,
        0.01176471, 0.08357349],
       [0.00803213, 0.        , 0.        , 0.00552486, 0.01662708,
        0.015625  , 0.03448276, 0.06151072, 0.        , 0.        ,
        0.01639344, 0.        , 0.00859599, 0.00826446, 0.0275762 ,
        0.        , 0.00576369],
       [0.        , 0.01385042, 0.09090909, 0.        , 0.02375297,
        0.        , 0.        , 0.        , 0.00621118, 0.        ,
        0.        , 0.        , 0.        , 0.01652893, 0.        ,
        0.        , 0.        ],
       [0.09638554, 0.12742382, 0.        , 0.01657459, 0.00712589,
        0.26041667, 0.00383142, 0.        , 0.        , 0.04207574,
        0.0273224 , 0.11656442, 0.10028653, 0.08539945, 0.00145138,
        0.11176471, 0.1815562 ],
       [0.01606426, 0.11080332, 0.04242424, 0.1878453 , 0.13539192,
        0.01041667, 0.11877395, 0.00977199, 0.        , 0.02380952,
        0.036666  , 0.00613497, 0.02578797, 0.13498623, 0.11465893,
        0.02352941, 0.0518732 ],
       [0.04819277, 0.11634349, 0.        , 0.02209945, 0.01900238,
        0.02083333, 0.        , 0.        , 0.        , 0.09047619,
        0.00546448, 0.03265879, 0.01862464, 0.00275482, 0.01451379,
        0.01176471, 0.15850144],
       [0.57429719, 0.15789474, 0.13333333, 0.0718232 , 0.31353919,
        0.44791667, 0.19157088, 0.01954397, 0.        , 0.33333333,
        0.09836066, 0.0797546 , 0.13985173, 0.34435262, 0.15239478,
        0.28235294, 0.41498559],
       [0.03614458, 0.21883657, 0.25454545, 0.09944751, 0.10451306,
        0.35416667, 0.27203065, 0.00977199, 0.19354839, 0.14761905,
        0.26775956, 0.00613497, 0.17908309, 0.07273092, 0.11030479,
        0.3       , 0.29682997],
       [0.07630522, 0.16620499, 0.15757576, 0.24309392, 0.22327791,
        0.015625  , 0.4559387 , 0.06188925, 0.        , 0.0047619 ,
        0.43169399, 0.06134969, 0.1504298 , 0.20936639, 0.13804849,
        0.05294118, 0.11527378],
       [0.02409639, 0.07479224, 0.        , 0.00552486, 0.00950119,
        0.3125    , 0.00766284, 0.        , 0.        , 0.09047619,
        0.02185792, 0.01226994, 0.06876791, 0.14049587, 0.01306241,
        0.03406131, 0.09798271],
       [0.3373494 , 0.19944598, 0.        , 0.12154696, 0.12589074,
        0.44791667, 0.11111111, 0.00651466, 0.        , 0.3       ,
        0.09836066, 0.33742331, 0.20630372, 0.28374656, 0.05805515,
        0.2       , 0.06952515]]
