[0.01834862 0.         0.         0.         0.         1.
 1.         0.         0.         0.         0.         0.33333333
 0.         0.         0.         1.         0.         0.
 0.         0.         0.         0.         0.         0.
 0.         0.         0.25       0.         0.         0.
 0.         0.         0.         0.         0.         0.
 0.         0.         0.         0.         0.         0.
 0.         0.         0.         0.         0.         0.
 0.         0.         0.         0.         0.         0.
 0.         0.         0.         0.         0.         0.
 0.        ]
[0.         0.00917431 0.         0.         0.         0.
 0.         0.         0.         0.         0.         0.
 0.         0.         0.         0.         0.         0.
 0.         0.         0.         0.         0.         0.
 0.         0.         0.         0.         0.         0.
 0.         0.         0.         0.         0.         0.
 0.         0.         0.         0.         0.         0.
 0.         0.         0.         0.         0.         0.
 0.         0.         0.         0.         0.         0.
 0.         0.         0.         0.         0.         0.
 0.        ]
[0.         0.         0.03669725 0.         0.         0.
 0.         0.         0.         0.         0.         0.33333333
 0.         0.         0.         0.         0.         0.
 1.         0.         0.         0.         0.         0.
 0.         0.         0.         0.         0.         0.
 0.         0.         0.         0.         0.5        0.
 0.         0.         0.         0.         0.         0.
 0.         0.         0.         0.         0.         0.
 0.         1.         0.         0.         0.         0.
 0.25       0.         0.         0.         0.         0.
 0.        ]
[0.         0.         0.         0.00917431 0.         0.
 0.         0.         0.         1.         0.         0.
 0.         0.         1.         0.         0.         0.25
 0.         1.         0.25       0.         0.         0.
 1.         0.         0.25       0.         0.         0.
 0.         0.         0.         1.         0.5        1.
 0.33333333 0.33333333 0.         1.         0.33333333 0.
 0.25       0.         1.         0.         0.33333333 0.
 0.         0.         0.33333333 1.         1.         1.
 0.         0.33333333 0.16666667 0.5        0.         0.2
 1.        ]
[0.         0.         0.         0.         0.00917431 0.
 0.         0.         0.         0.         0.         0.
 0.         0.         0.         0.         0.         0.
 0.         0.         0.         0.         0.         0.
 0.         0.         0.         0.         0.         0.
 0.         0.         0.         0.         0.         0.
 0.         0.         0.         0.         0.         0.
 0.         0.         0.         0.         0.         0.
 0.         0.         0.         0.         0.         0.
 0.         0.         0.         0.         0.         0.
 0.        ]
[0.5        0.         0.         0.         0.         0.00917431
 0.         0.         0.         0.         0.         0.
 0.         0.         0.         0.         0.         0.
 0.         0.         0.         0.         0.         0.
 0.         0.         0.         0.         0.         0.
 0.         0.         0.         0.         0.         0.
 0.         0.         0.         0.         0.         0.
 0.         0.         0.         0.         0.         0.
 0.         0.         0.         0.         0.         0.
 0.         0.         0.         0.         0.         0.
 0.        ]
[0.5        0.         0.         0.         0.         0.
 0.00917431 0.         0.         0.         0.         0.33333333
 0.         0.         0.         1.         0.         0.
 0.         0.         0.         0.         0.         0.
 0.         0.         0.25       0.         0.         0.
 0.         0.         0.         0.         0.         0.
 0.         0.         0.         0.         0.         0.
 0.         0.         0.         0.         0.         0.
 0.         0.         0.         0.         0.         0.
 0.         0.         0.         0.         0.         0.
 0.        ]
[0.         0.         0.         0.         0.         0.
 0.         0.00917431 0.         0.         0.         0.
 0.         0.         0.         0.         0.         0.
 0.         0.         0.         0.         0.         0.
 0.         0.         0.         0.         0.         0.
 0.         0.         0.         0.         0.         0.
 0.         0.         0.         0.         0.         0.
 0.         0.         0.         0.         0.         0.
 0.         0.         0.         0.         0.         0.
 0.         0.         0.         0.         0.         0.
 0.        ]
[0.         0.         0.         0.         0.         0.
 0.         0.         0.00917431 0.         1.         0.
 0.         0.5        0.         0.         0.         0.
 0.         0.         0.25       1.         0.         0.
 0.         0.         0.25       0.33333333 0.         1.
 1.         0.         1.         0.         0.         0.
 0.33333333 0.33333333 0.         0.         0.         1.
 0.25       1.         0.         0.         0.33333333 0.
 0.         0.         0.33333333 0.         0.         0.
 0.         0.         0.16666667 0.         1.         0.2
 0.        ]
[0.         0.         0.         1.         0.         0.
 0.         0.         0.         0.00917431 0.         0.
 0.         0.         1.         0.         0.         0.25
 0.         1.         0.25       0.         0.         0.
 1.         0.         0.25       0.         0.         0.
 0.         0.         0.         1.         0.5        1.
 0.33333333 0.33333333 0.         1.         0.33333333 0.
 0.25       0.         1.         0.         0.33333333 0.
 0.         0.         0.33333333 1.         1.         1.
 0.         0.33333333 0.16666667 0.5        0.         0.2
 1.        ]
[0.         0.         0.         0.         0.         0.
 0.         0.         1.         0.         0.00917431 0.
 0.         0.5        0.         0.         0.         0.
 0.         0.         0.25       1.         0.         0.
 0.         0.         0.25       0.33333333 0.         1.
 1.         0.         1.         0.         0.         0.
 0.33333333 0.33333333 0.         0.         0.         1.
 0.25       1.         0.         0.         0.33333333 0.
 0.         0.         0.33333333 0.         0.         0.
 0.         0.         0.16666667 0.         1.         0.2
 0.        ]
[0.5        0.         0.25       0.         0.         0.
 1.         0.         0.         0.         0.         0.02752294
 0.         0.         0.         1.         0.         0.
 1.         0.         0.         0.         0.         0.
 0.         0.         0.25       0.         0.         0.
 0.         0.         0.         0.         0.5        0.
 0.         0.         0.         0.         0.         0.
 0.         0.         0.         0.         0.         0.
 0.         1.         0.         0.         0.         0.
 0.25       0.         0.         0.         0.         0.
 0.        ]
[0.         0.         0.         0.         0.         0.
 0.         0.         0.         0.         0.         0.
 0.00917431 0.         0.         0.         0.         0.
 0.         0.         0.         0.         0.         0.
 0.         0.         0.         0.         0.         0.
 0.         0.         0.         0.         0.         0.
 0.         0.         0.         0.         0.         0.
 0.         0.         0.         0.         0.         0.
 0.         0.         0.         0.         0.         0.
 0.         0.         0.         0.         0.         0.
 0.        ]
[0.         0.         0.         0.         0.         0.
 0.         0.         1.         0.         1.         0.
 0.         0.01834862 0.         0.         0.         0.
 0.         0.         0.25       1.         1.         0.
 0.         0.         0.25       0.33333333 1.         1.
 1.         0.         1.         0.         0.         0.
 0.33333333 0.33333333 0.         0.         0.         1.
 0.25       1.         0.         0.         0.33333333 0.
 0.         0.         0.33333333 0.         0.         0.
 0.         0.33333333 0.16666667 0.         1.         0.4
 0.        ]
[0.         0.         0.         1.         0.         0.
 0.         0.         0.         1.         0.         0.
 0.         0.         0.00917431 0.         0.         0.25
 0.         1.         0.25       0.         0.         0.
 1.         0.         0.25       0.         0.         0.
 0.         0.         0.         1.         0.5        1.
 0.33333333 0.33333333 0.         1.         0.33333333 0.
 0.25       0.         1.         0.         0.33333333 0.
 0.         0.         0.33333333 1.         1.         1.
 0.         0.33333333 0.16666667 0.5        0.         0.2
 1.        ]
[0.5        0.         0.         0.         0.         0.
 1.         0.         0.         0.         0.         0.33333333
 0.         0.         0.         0.00917431 0.         0.
 0.         0.         0.         0.         0.         0.
 0.         0.         0.25       0.         0.         0.
 0.         0.         0.         0.         0.         0.
 0.         0.         0.         0.         0.         0.
 0.         0.         0.         0.         0.         0.
 0.         0.         0.         0.         0.         0.
 0.         0.         0.         0.         0.         0.
 0.        ]
[0.         0.         0.         0.         0.         0.
 0.         0.         0.         0.         0.         0.
 0.         0.         0.         0.         0.00917431 0.
 0.         0.         0.25       0.         0.         0.
 0.         0.         0.25       0.         0.         0.
 0.         0.         0.         0.         0.         0.
 0.33333333 0.33333333 0.         0.         0.         0.
 0.25       0.         0.         0.         0.33333333 0.
 1.         0.         0.33333333 0.         0.         0.
 0.         0.         0.16666667 0.         0.         0.2
 0.        ]
[0.         0.         0.         1.         0.         0.
 0.         0.         0.         1.         0.         0.
 0.         0.         1.         0.         0.         0.03669725
 0.         1.         0.25       0.         0.         0.
 1.         0.         0.25       0.         0.         0.
 0.         0.         0.         1.         0.5        1.
 0.33333333 0.33333333 0.         1.         0.33333333 0.
 0.25       0.         1.         0.         0.33333333 0.
 0.         0.         0.33333333 1.         1.         1.
 0.         0.33333333 0.16666667 1.         0.         0.2
 1.        ]
[0.         0.         0.25       0.         0.         0.
 0.         0.         0.         0.         0.         0.33333333
 0.         0.         0.         0.         0.         0.
 0.00917431 0.         0.         0.         0.         0.
 0.         0.         0.         0.         0.         0.
 0.         0.         0.         0.         0.5        0.
 0.         0.         0.         0.         0.         0.
 0.         0.         0.         0.         0.         0.
 0.         1.         0.         0.         0.         0.
 0.25       0.         0.         0.         0.         0.
 0.        ]
[0.         0.         0.         1.         0.         0.
 0.         0.         0.         1.         0.         0.
 0.         0.         1.         0.         0.         0.25
 0.         0.00917431 0.25       0.         0.         0.
 1.         0.         0.25       0.         0.         0.
 0.         0.         0.         1.         0.5        1.
 0.33333333 0.33333333 0.         1.         0.33333333 0.
 0.25       0.         1.         0.         0.33333333 0.
 0.         0.         0.33333333 1.         1.         1.
 0.         0.33333333 0.16666667 0.5        0.         0.2
 1.        ]
[0.         0.         0.         1.         0.         0.
 0.         0.         1.         1.         1.         0.
 0.         0.5        1.         0.         1.         0.25
 0.         1.         0.03669725 1.         0.         0.
 1.         0.         0.75       0.33333333 0.         1.
 1.         0.         1.         1.         0.5        1.
 1.         1.         0.         1.         0.33333333 1.
 1.         1.         1.         0.         1.         0.
 1.         0.         1.         1.         1.         1.
 0.         0.33333333 0.66666667 0.5        1.         0.6
 1.        ]
[0.         0.         0.         0.         0.         0.
 0.         0.         1.         0.         1.         0.
 0.         0.5        0.         0.         0.         0.
 0.         0.         0.25       0.00917431 0.         0.
 0.         0.         0.25       0.33333333 0.         1.
 1.         0.         1.         0.         0.         0.
 0.33333333 0.33333333 0.         0.         0.         1.
 0.25       1.         0.         0.         0.33333333 0.
 0.         0.         0.33333333 0.         0.         0.
 0.         0.         0.16666667 0.         1.         0.2
 0.        ]
[0.         0.         0.         0.         0.         0.
 0.         0.         0.         0.         0.         0.
 0.         0.5        0.         0.         0.         0.
 0.         0.         0.         0.         0.00917431 0.
 0.         0.         0.         0.         1.         0.
 0.         0.         0.         0.         0.         0.
 0.         0.         0.         0.         0.         0.
 0.         0.         0.         0.         0.         0.
 0.         0.         0.         0.         0.         0.
 0.         0.33333333 0.         0.         0.         0.2
 0.        ]
[0.         0.         0.         0.         0.         0.
 0.         0.         0.         0.         0.         0.
 0.         0.         0.         0.         0.         0.
 0.         0.         0.         0.         0.         0.01834862
 0.         1.         0.         0.         0.         0.
 0.         0.         0.         0.         0.         0.
 0.         0.         0.         0.         0.         0.
 0.         0.         0.         0.         0.         0.
 0.         0.         0.         0.         0.         0.
 0.         0.         0.         0.         0.         0.
 0.        ]
[0.         0.         0.         1.         0.         0.
 0.         0.         0.         1.         0.         0.
 0.         0.         1.         0.         0.         0.25
 0.         1.         0.25       0.         0.         0.
 0.00917431 0.         0.25       0.         0.         0.
 0.         0.         0.         1.         0.5        1.
 0.33333333 0.33333333 0.         1.         0.33333333 0.
 0.25       0.         1.         0.         0.33333333 0.
 0.         0.         0.33333333 1.         1.         1.
 0.         0.33333333 0.16666667 0.5        0.         0.2
 1.        ]
[0.         0.         0.         0.         0.         0.
 0.         0.         0.         0.         0.         0.
 0.         0.         0.         0.         0.         0.
 0.         0.         0.         0.         0.         0.5
 0.         0.00917431 0.         0.         0.         0.
 0.         0.         0.         0.         0.         0.
 0.         0.         0.         0.         0.         0.
 0.         0.         0.         0.         0.         0.
 0.         0.         0.         0.         0.         0.
 0.         0.         0.         0.         0.         0.
 0.        ]
[0.5        0.         0.         1.         0.         0.
 1.         0.         1.         1.         1.         0.33333333
 0.         0.5        1.         1.         1.         0.25
 0.         1.         0.75       1.         0.         0.
 1.         0.         0.03669725 0.33333333 0.         1.
 1.         0.         1.         1.         0.5        1.
 1.         1.         0.         1.         0.33333333 1.
 0.75       1.         1.         0.         1.         0.
 1.         0.         1.         1.         1.         1.
 0.         0.33333333 0.5        0.5        1.         0.6
 1.        ]
[0.         0.         0.         0.         0.         0.
 0.         0.         1.         0.         1.         0.
 0.         0.5        0.         0.         0.         0.
 0.         0.         0.25       1.         0.         0.
 0.         0.         0.25       0.02752294 0.         1.
 1.         0.         1.         0.         0.         0.
 0.33333333 0.33333333 0.         0.         0.         1.
 0.25       1.         0.         0.         0.33333333 0.
 0.         0.         0.33333333 0.         0.         0.
 0.         0.         0.16666667 0.         1.         0.2
 0.        ]
[0.         0.         0.         0.         0.         0.
 0.         0.         0.         0.         0.         0.
 0.         0.5        0.         0.         0.         0.
 0.         0.         0.         0.         1.         0.
 0.         0.         0.         0.         0.00917431 0.
 0.         0.         0.         0.         0.         0.
 0.         0.         0.         0.         0.         0.
 0.         0.         0.         0.         0.         0.
 0.         0.         0.         0.         0.         0.
 0.         0.33333333 0.         0.         0.         0.2
 0.        ]
[0.         0.         0.         0.         0.         0.
 0.         0.         1.         0.         1.         0.
 0.         0.5        0.         0.         0.         0.
 0.         0.         0.25       1.         0.         0.
 0.         0.         0.25       0.33333333 0.         0.00917431
 1.         0.         1.         0.         0.         0.
 0.33333333 0.33333333 0.         0.         0.         1.
 0.25       1.         0.         0.         0.33333333 0.
 0.         0.         0.33333333 0.         0.         0.
 0.         0.         0.16666667 0.         1.         0.2
 0.        ]
[0.         0.         0.         0.         0.         0.
 0.         0.         1.         0.         1.         0.
 0.         0.5        0.         0.         0.         0.
 0.         0.         0.25       1.         0.         0.
 0.         0.         0.25       0.33333333 0.         1.
 0.00917431 0.         1.         0.         0.         0.
 0.33333333 0.33333333 0.         0.         0.         1.
 0.25       1.         0.         0.         0.33333333 0.
 0.         0.         0.33333333 0.         0.         0.
 0.         0.         0.16666667 0.         1.         0.2
 0.        ]
[0.         0.         0.         0.         0.         0.
 0.         0.         0.         0.         0.         0.
 0.         0.         0.         0.         0.         0.
 0.         0.         0.         0.         0.         0.
 0.         0.         0.         0.         0.         0.
 0.         0.00917431 0.         0.         0.         0.
 0.         0.         0.         0.         0.         0.
 0.         0.         0.         0.         0.         1.
 0.         0.         0.         0.         0.         0.
 0.         0.33333333 0.16666667 0.         0.         0.
 0.        ]
[0.         0.         0.         0.         0.         0.
 0.         0.         1.         0.         1.         0.
 0.         0.5        0.         0.         0.         0.
 0.         0.         0.25       1.         0.         0.
 0.         0.         0.25       0.33333333 0.         1.
 1.         0.         0.00917431 0.         0.         0.
 0.33333333 0.33333333 0.         0.         0.         1.
 0.25       1.         0.         0.         0.33333333 0.
 0.         0.         0.33333333 0.         0.         0.
 0.         0.         0.16666667 0.         1.         0.2
 0.        ]
[0.         0.         0.         1.         0.         0.
 0.         0.         0.         1.         0.         0.
 0.         0.         1.         0.         0.         0.25
 0.         1.         0.25       0.         0.         0.
 1.         0.         0.25       0.         0.         0.
 0.         0.         0.         0.00917431 0.5        1.
 0.33333333 0.33333333 0.         1.         0.33333333 0.
 0.25       0.         1.         0.         0.33333333 0.
 0.         0.         0.33333333 1.         1.         1.
 0.         0.33333333 0.16666667 0.5        0.         0.2
 1.        ]
[0.         0.         0.25       1.         0.         0.
 0.         0.         0.         1.         0.         0.33333333
 0.         0.         1.         0.         0.         0.25
 1.         1.         0.25       0.         0.         0.
 1.         0.         0.25       0.         0.         0.
 0.         0.         0.         1.         0.01834862 1.
 0.33333333 0.33333333 0.         1.         0.33333333 0.
 0.25       0.         1.         0.         0.33333333 0.
 0.         1.         0.33333333 1.         1.         1.
 0.25       0.33333333 0.16666667 0.5        0.         0.2
 1.        ]
[0.         0.         0.         1.         0.         0.
 0.         0.         0.         1.         0.         0.
 0.         0.         1.         0.         0.         0.25
 0.         1.         0.25       0.         0.         0.
 1.         0.         0.25       0.         0.         0.
 0.         0.         0.         1.         0.5        0.00917431
 0.33333333 0.33333333 0.         1.         0.33333333 0.
 0.25       0.         1.         0.         0.33333333 0.
 0.         0.         0.33333333 1.         1.         1.
 0.         0.33333333 0.16666667 0.5        0.         0.2
 1.        ]
[0.         0.         0.         1.         0.         0.
 0.         0.         1.         1.         1.         0.
 0.         0.5        1.         0.         1.         0.25
 0.         1.         0.75       1.         0.         0.
 1.         0.         0.75       0.33333333 0.         1.
 1.         0.         1.         1.         0.5        1.
 0.02752294 1.         0.         1.         0.33333333 1.
 0.75       1.         1.         0.         1.         0.
 1.         0.         1.         1.         1.         1.
 0.         0.33333333 0.5        0.5        1.         0.6
 1.        ]
[0.         0.         0.         1.         0.         0.
 0.         0.         1.         1.         1.         0.
 0.         0.5        1.         0.         1.         0.25
 0.         1.         0.75       1.         0.         0.
 1.         0.         0.75       0.33333333 0.         1.
 1.         0.         1.         1.         0.5        1.
 1.         0.02752294 0.         1.         0.33333333 1.
 0.75       1.         1.         0.         1.         0.
 1.         0.         1.         1.         1.         1.
 0.         0.33333333 0.5        0.5        1.         0.6
 1.        ]
[0.         0.         0.         0.         0.         0.
 0.         0.         0.         0.         0.         0.
 0.         0.         0.         0.         0.         0.
 0.         0.         0.         0.         0.         0.
 0.         0.         0.         0.         0.         0.
 0.         0.         0.         0.         0.         0.
 0.         0.         0.00917431 0.         0.         0.
 0.         0.         0.         0.         0.         0.
 0.         0.         0.         0.         0.         0.
 0.         0.         0.         0.         0.         0.
 0.        ]
[0.         0.         0.         1.         0.         0.
 0.         0.         0.         1.         0.         0.
 0.         0.         1.         0.         0.         0.25
 0.         1.         0.25       0.         0.         0.
 1.         0.         0.25       0.         0.         0.
 0.         0.         0.         1.         0.5        1.
 0.33333333 0.33333333 0.         0.00917431 0.33333333 0.
 0.25       0.         1.         0.         0.33333333 0.
 0.         0.         0.33333333 1.         1.         1.
 0.         0.33333333 0.16666667 0.5        0.         0.2
 1.        ]
[0.         0.         0.         1.         0.         0.
 0.         0.         0.         1.         0.         0.
 0.         0.         1.         0.         0.         0.25
 0.         1.         0.25       0.         0.         0.
 1.         0.         0.25       0.         0.         0.
 0.         0.         0.         1.         0.5        1.
 0.33333333 0.33333333 0.         1.         0.02752294 0.
 0.25       0.         1.         0.         0.33333333 0.
 0.         0.         0.33333333 1.         1.         1.
 0.         0.33333333 0.16666667 0.5        0.         0.2
 1.        ]
[0.         0.         0.         0.         0.         0.
 0.         0.         1.         0.         1.         0.
 0.         0.5        0.         0.         0.         0.
 0.         0.         0.25       1.         0.         0.
 0.         0.         0.25       0.33333333 0.         1.
 1.         0.         1.         0.         0.         0.
 0.33333333 0.33333333 0.         0.         0.         0.00917431
 0.25       1.         0.         0.         0.33333333 0.
 0.         0.         0.33333333 0.         0.         0.
 0.         0.         0.16666667 0.         1.         0.2
 0.        ]
[0.         0.         0.         1.         0.         0.
 0.         0.         1.         1.         1.         0.
 0.         0.5        1.         0.         1.         0.25
 0.         1.         1.         1.         0.         0.
 1.         0.         0.75       0.33333333 0.         1.
 1.         0.         1.         1.         0.5        1.
 1.         1.         0.         1.         0.33333333 1.
 0.03669725 1.         1.         0.         1.         0.
 1.         0.         1.         1.         1.         1.
 0.         0.33333333 0.66666667 0.5        1.         0.6
 1.        ]
[0.         0.         0.         0.         0.         0.
 0.         0.         1.         0.         1.         0.
 0.         0.5        0.         0.         0.         0.
 0.         0.         0.25       1.         0.         0.
 0.         0.         0.25       0.33333333 0.         1.
 1.         0.         1.         0.         0.         0.
 0.33333333 0.33333333 0.         0.         0.         1.
 0.25       0.00917431 0.         0.         0.33333333 0.
 0.         0.         0.33333333 0.         0.         0.
 0.         0.         0.16666667 0.         1.         0.2
 0.        ]
[0.         0.         0.         1.         0.         0.
 0.         0.         0.         1.         0.         0.
 0.         0.         1.         0.         0.         0.25
 0.         1.         0.25       0.         0.         0.
 1.         0.         0.25       0.         0.         0.
 0.         0.         0.         1.         0.5        1.
 0.33333333 0.33333333 0.         1.         0.33333333 0.
 0.25       0.         0.00917431 0.         0.33333333 0.
 0.         0.         0.33333333 1.         1.         1.
 0.         0.33333333 0.16666667 0.5        0.         0.2
 1.        ]
[0.         0.         0.         0.         0.         0.
 0.         0.         0.         0.         0.         0.
 0.         0.         0.         0.         0.         0.
 0.         0.         0.         0.         0.         0.
 0.         0.         0.         0.         0.         0.
 0.         0.         0.         0.         0.         0.
 0.         0.         0.         0.         0.         0.
 0.         0.         0.         0.00917431 0.         0.
 0.         0.         0.         0.         0.         0.
 0.         0.         0.         0.         0.         0.
 0.        ]
[0.         0.         0.         1.         0.         0.
 0.         0.         1.         1.         1.         0.
 0.         0.5        1.         0.         1.         0.25
 0.         1.         0.75       1.         0.         0.
 1.         0.         0.75       0.33333333 0.         1.
 1.         0.         1.         1.         0.5        1.
 1.         1.         0.         1.         0.33333333 1.
 0.75       1.         1.         0.         0.02752294 0.
 1.         0.         1.         1.         1.         1.
 0.         0.33333333 0.5        0.5        1.         0.6
 1.        ]
[0.         0.         0.         0.         0.         0.
 0.         0.         0.         0.         0.         0.
 0.         0.         0.         0.         0.         0.
 0.         0.         0.         0.         0.         0.
 0.         0.         0.         0.         0.         0.
 0.         1.         0.         0.         0.         0.
 0.         0.         0.         0.         0.         0.
 0.         0.         0.         0.         0.         0.00917431
 0.         0.         0.         0.         0.         0.
 0.         0.33333333 0.16666667 0.         0.         0.
 0.        ]
[0.         0.         0.         0.         0.         0.
 0.         0.         0.         0.         0.         0.
 0.         0.         0.         0.         1.         0.
 0.         0.         0.25       0.         0.         0.
 0.         0.         0.25       0.         0.         0.
 0.         0.         0.         0.         0.         0.
 0.33333333 0.33333333 0.         0.         0.         0.
 0.25       0.         0.         0.         0.33333333 0.
 0.00917431 0.         0.33333333 0.         0.         0.
 0.         0.         0.16666667 0.         0.         0.2
 0.        ]
[0.         0.         0.25       0.         0.         0.
 0.         0.         0.         0.         0.         0.33333333
 0.         0.         0.         0.         0.         0.
 1.         0.         0.         0.         0.         0.
 0.         0.         0.         0.         0.         0.
 0.         0.         0.         0.         0.5        0.
 0.         0.         0.         0.         0.         0.
 0.         0.         0.         0.         0.         0.
 0.         0.00917431 0.         0.         0.         0.
 0.25       0.         0.         0.         0.         0.
 0.        ]
[0.         0.         0.         1.         0.         0.
 0.         0.         1.         1.         1.         0.
 0.         0.5        1.         0.         1.         0.25
 0.         1.         0.75       1.         0.         0.
 1.         0.         0.75       0.33333333 0.         1.
 1.         0.         1.         1.         0.5        1.
 1.         1.         0.         1.         0.33333333 1.
 0.75       1.         1.         0.         1.         0.
 1.         0.         0.02752294 1.         1.         1.
 0.         0.33333333 0.5        0.5        1.         0.6
 1.        ]
[0.         0.         0.         1.         0.         0.
 0.         0.         0.         1.         0.         0.
 0.         0.         1.         0.         0.         0.25
 0.         1.         0.25       0.         0.         0.
 1.         0.         0.25       0.         0.         0.
 0.         0.         0.         1.         0.5        1.
 0.33333333 0.33333333 0.         1.         0.33333333 0.
 0.25       0.         1.         0.         0.33333333 0.
 0.         0.         0.33333333 0.00917431 1.         1.
 0.         0.33333333 0.16666667 0.5        0.         0.2
 1.        ]
[0.         0.         0.         1.         0.         0.
 0.         0.         0.         1.         0.         0.
 0.         0.         1.         0.         0.         0.25
 0.         1.         0.25       0.         0.         0.
 1.         0.         0.25       0.         0.         0.
 0.         0.         0.         1.         0.5        1.
 0.33333333 0.33333333 0.         1.         0.33333333 0.
 0.25       0.         1.         0.         0.33333333 0.
 0.         0.         0.33333333 1.         0.00917431 1.
 0.         0.33333333 0.16666667 0.5        0.         0.2
 1.        ]
[0.         0.         0.         1.         0.         0.
 0.         0.         0.         1.         0.         0.
 0.         0.         1.         0.         0.         0.25
 0.         1.         0.25       0.         0.         0.
 1.         0.         0.25       0.         0.         0.
 0.         0.         0.         1.         0.5        1.
 0.33333333 0.33333333 0.         1.         0.33333333 0.
 0.25       0.         1.         0.         0.33333333 0.
 0.         0.         0.33333333 1.         1.         0.00917431
 0.         0.33333333 0.16666667 0.5        0.         0.2
 1.        ]
[0.         0.         0.25       0.         0.         0.
 0.         0.         0.         0.         0.         0.33333333
 0.         0.         0.         0.         0.         0.
 1.         0.         0.         0.         0.         0.
 0.         0.         0.         0.         0.         0.
 0.         0.         0.         0.         0.5        0.
 0.         0.         0.         0.         0.         0.
 0.         0.         0.         0.         0.         0.
 0.         1.         0.         0.         0.         0.
 0.03669725 0.         0.         0.         0.         0.
 0.        ]
[0.         0.         0.         1.         0.         0.
 0.         0.         0.         1.         0.         0.
 0.         0.5        1.         0.         0.         0.25
 0.         1.         0.25       0.         1.         0.
 1.         0.         0.25       0.         1.         0.
 0.         1.         0.         1.         0.5        1.
 0.33333333 0.33333333 0.         1.         0.33333333 0.
 0.25       0.         1.         0.         0.33333333 1.
 0.         0.         0.33333333 1.         1.         1.
 0.         0.02752294 0.33333333 0.5        0.         0.4
 1.        ]
[0.         0.         0.         1.         0.         0.
 0.         0.         1.         1.         1.         0.
 0.         0.5        1.         0.         1.         0.25
 0.         1.         1.         1.         0.         0.
 1.         0.         0.75       0.33333333 0.         1.
 1.         1.         1.         1.         0.5        1.
 1.         1.         0.         1.         0.33333333 1.
 1.         1.         1.         0.         1.         1.
 1.         0.         1.         1.         1.         1.
 0.         0.66666667 0.05504587 0.5        1.         0.6
 1.        ]
[0.         0.         0.         1.         0.         0.
 0.         0.         0.         1.         0.         0.
 0.         0.         1.         0.         0.         0.5
 0.         1.         0.25       0.         0.         0.
 1.         0.         0.25       0.         0.         0.
 0.         0.         0.         1.         0.5        1.
 0.33333333 0.33333333 0.         1.         0.33333333 0.
 0.25       0.         1.         0.         0.33333333 0.
 0.         0.         0.33333333 1.         1.         1.
 0.         0.33333333 0.16666667 0.01834862 0.         0.2
 1.        ]
[0.         0.         0.         0.         0.         0.
 0.         0.         1.         0.         1.         0.
 0.         0.5        0.         0.         0.         0.
 0.         0.         0.25       1.         0.         0.
 0.         0.         0.25       0.33333333 0.         1.
 1.         0.         1.         0.         0.         0.
 0.33333333 0.33333333 0.         0.         0.         1.
 0.25       1.         0.         0.         0.33333333 0.
 0.         0.         0.33333333 0.         0.         0.
 0.         0.         0.16666667 0.         0.00917431 0.2
 0.        ]
[0.         0.         0.         1.         0.         0.
 0.         0.         1.         1.         1.         0.
 0.         1.         1.         0.         1.         0.25
 0.         1.         0.75       1.         1.         0.
 1.         0.         0.75       0.33333333 1.         1.
 1.         0.         1.         1.         0.5        1.
 1.         1.         0.         1.         0.33333333 1.
 0.75       1.         1.         0.         1.         0.
 1.         0.         1.         1.         1.         1.
 0.         0.66666667 0.5        0.5        1.         0.04587156
 1.        ]
[0.         0.         0.         1.         0.         0.
 0.         0.         0.         1.         0.         0.
 0.         0.         1.         0.         0.         0.25
 0.         1.         0.25       0.         0.         0.
 1.         0.         0.25       0.         0.         0.
 0.         0.         0.         1.         0.5        1.
 0.33333333 0.33333333 0.         1.         0.33333333 0.
 0.25       0.         1.         0.         0.33333333 0.
 0.         0.         0.33333333 1.         1.         1.
 0.         0.33333333 0.16666667 0.5        0.         0.2
 0.00917431]
