#FIG 3.2  Produced by xfig version 3.2.5b
Landscape
Center
Inches
Letter
100.00
Single
-2
1200 2

0 32 #888888
4 0 0 50 -1 0 10 0.0000 4 135 120 3150 4775 111\001
4 0 0 50 -1 0 10 0.0000 4 135 120 450 4175 ['face_to_face', '2BIO1', 'F']\001
2 1 2 2 0 7 50 -1 -1 6.000 0 0 7 0 0 2
           3450 4650 367010 4650
4 0 0 50 -1 0 10 0.0000 4 135 120 3150 5375 124\001
2 1 2 2 0 7 50 -1 -1 6.000 0 0 7 0 0 2
           3450 5250 367010 5250
4 0 0 50 -1 0 10 0.0000 4 135 120 3150 5975 145\001
2 1 2 2 0 7 50 -1 -1 6.000 0 0 7 0 0 2
           3450 5850 367010 5850
4 0 0 50 -1 0 10 0.0000 4 135 120 3150 6575 177\001
2 1 2 2 0 7 50 -1 -1 6.000 0 0 7 0 0 2
           3450 6450 367010 6450
4 0 0 50 -1 0 10 0.0000 4 135 120 3150 7175 400\001
2 1 2 2 0 7 50 -1 -1 6.000 0 0 7 0 0 2
           3450 7050 367010 7050
4 0 0 50 -1 0 10 0.0000 4 135 120 3150 7775 443\001
2 1 2 2 0 7 50 -1 -1 6.000 0 0 7 0 0 2
           3450 7650 367010 7650
4 0 0 50 -1 0 10 0.0000 4 135 120 3150 8375 465\001
2 1 2 2 0 7 50 -1 -1 6.000 0 0 7 0 0 2
           3450 8250 367010 8250
4 0 0 50 -1 0 10 0.0000 4 135 120 3150 8975 471\001
2 1 2 2 0 7 50 -1 -1 6.000 0 0 7 0 0 2
           3450 8850 367010 8850
4 0 0 50 -1 0 10 0.0000 4 135 120 3150 9575 486\001
2 1 2 2 0 7 50 -1 -1 6.000 0 0 7 0 0 2
           3450 9450 367010 9450
4 0 0 50 -1 0 10 0.0000 4 135 120 3150 10175 487\001
2 1 2 2 0 7 50 -1 -1 6.000 0 0 7 0 0 2
           3450 10050 367010 10050
4 0 0 50 -1 0 10 0.0000 4 135 120 3150 10775 489\001
2 1 2 2 0 7 50 -1 -1 6.000 0 0 7 0 0 2
           3450 10650 367010 10650
4 0 0 50 -1 0 10 0.0000 4 135 120 3150 11375 498\001
2 1 2 2 0 7 50 -1 -1 6.000 0 0 7 0 0 2
           3450 11250 367010 11250
4 0 0 50 -1 0 10 0.0000 4 135 120 3150 11975 531\001
2 1 2 2 0 7 50 -1 -1 6.000 0 0 7 0 0 2
           3450 11850 367010 11850
4 0 0 50 -1 0 10 0.0000 4 135 120 3250 12575 62\001
2 1 2 2 0 7 50 -1 -1 6.000 0 0 7 0 0 2
           3450 12450 367010 12450
4 0 0 50 -1 0 10 0.0000 4 135 120 3150 13175 627\001
2 1 2 2 0 7 50 -1 -1 6.000 0 0 7 0 0 2
           3450 13050 367010 13050
4 0 0 50 -1 0 10 0.0000 4 135 120 3150 13775 637\001
2 1 2 2 0 7 50 -1 -1 6.000 0 0 7 0 0 2
           3450 13650 367010 13650
4 0 0 50 -1 0 10 0.0000 4 135 120 3150 14375 650\001
2 1 2 2 0 7 50 -1 -1 6.000 0 0 7 0 0 2
           3450 14250 367010 14250
4 0 0 50 -1 0 10 0.0000 4 135 120 3150 14975 674\001
2 1 2 2 0 7 50 -1 -1 6.000 0 0 7 0 0 2
           3450 14850 367010 14850
4 0 0 50 -1 0 10 0.0000 4 135 120 3150 15575 681\001
2 1 2 2 0 7 50 -1 -1 6.000 0 0 7 0 0 2
           3450 15450 367010 15450
4 0 0 50 -1 0 10 0.0000 4 135 120 3250 16175 72\001
2 1 2 2 0 7 50 -1 -1 6.000 0 0 7 0 0 2
           3450 16050 367010 16050
4 0 0 50 -1 0 10 0.0000 4 135 120 3150 16775 809\001
2 1 2 2 0 7 50 -1 -1 6.000 0 0 7 0 0 2
           3450 16650 367010 16650
4 0 0 50 -1 0 10 0.0000 4 135 120 3150 17375 854\001
2 1 2 2 0 7 50 -1 -1 6.000 0 0 7 0 0 2
           3450 17250 367010 17250
4 0 0 50 -1 0 10 0.0000 4 135 120 3150 17975 857\001
2 1 2 2 0 7 50 -1 -1 6.000 0 0 7 0 0 2
           3450 17850 367010 17850
4 0 0 50 -1 0 10 0.0000 4 135 120 3150 18575 927\001
2 1 2 2 0 7 50 -1 -1 6.000 0 0 7 0 0 2
           3450 18450 367010 18450
4 0 0 50 -1 0 10 0.0000 4 135 120 3150 19175 945\001
2 1 2 2 0 7 50 -1 -1 6.000 0 0 7 0 0 2
           3450 19050 367010 19050
4 0 0 50 -1 0 10 0.0000 4 135 120 3150 19775 954\001
2 1 2 2 0 7 50 -1 -1 6.000 0 0 7 0 0 2
           3450 19650 367010 19650
4 0 0 50 -1 0 10 0.0000 4 135 120 3150 20375 970\001
2 1 2 2 0 7 50 -1 -1 6.000 0 0 7 0 0 2
           3450 20250 367010 20250
4 0 0 50 -1 0 10 0.0000 4 135 120 3150 20975 984\001
2 1 2 2 0 7 50 -1 -1 6.000 0 0 7 0 0 2
           3450 20850 367010 20850
4 0 0 50 -1 0 10 0.0000 4 135 120 3150 22175 160\001
4 0 0 50 -1 0 10 0.0000 4 135 120 450 21575 ['face_to_face', '2BIO2', 'F']\001
2 1 2 2 0 7 50 -1 -1 6.000 0 0 7 0 0 2
           3450 22050 367010 22050
4 0 0 50 -1 0 10 0.0000 4 135 120 3150 22775 165\001
2 1 2 2 0 7 50 -1 -1 6.000 0 0 7 0 0 2
           3450 22650 367010 22650
4 0 0 50 -1 0 10 0.0000 4 135 120 3150 23375 173\001
2 1 2 2 0 7 50 -1 -1 6.000 0 0 7 0 0 2
           3450 23250 367010 23250
4 0 0 50 -1 0 10 0.0000 4 135 120 3150 23975 226\001
2 1 2 2 0 7 50 -1 -1 6.000 0 0 7 0 0 2
           3450 23850 367010 23850
4 0 0 50 -1 0 10 0.0000 4 135 120 3150 24575 239\001
2 1 2 2 0 7 50 -1 -1 6.000 0 0 7 0 0 2
           3450 24450 367010 24450
4 0 0 50 -1 0 10 0.0000 4 135 120 3150 25175 257\001
2 1 2 2 0 7 50 -1 -1 6.000 0 0 7 0 0 2
           3450 25050 367010 25050
4 0 0 50 -1 0 10 0.0000 4 135 120 3150 25775 268\001
2 1 2 2 0 7 50 -1 -1 6.000 0 0 7 0 0 2
           3450 25650 367010 25650
4 0 0 50 -1 0 10 0.0000 4 135 120 3150 26375 295\001
2 1 2 2 0 7 50 -1 -1 6.000 0 0 7 0 0 2
           3450 26250 367010 26250
4 0 0 50 -1 0 10 0.0000 4 135 120 3150 26975 312\001
2 1 2 2 0 7 50 -1 -1 6.000 0 0 7 0 0 2
           3450 26850 367010 26850
4 0 0 50 -1 0 10 0.0000 4 135 120 3150 27575 339\001
2 1 2 2 0 7 50 -1 -1 6.000 0 0 7 0 0 2
           3450 27450 367010 27450
4 0 0 50 -1 0 10 0.0000 4 135 120 3150 28175 441\001
2 1 2 2 0 7 50 -1 -1 6.000 0 0 7 0 0 2
           3450 28050 367010 28050
4 0 0 50 -1 0 10 0.0000 4 135 120 3250 28775 46\001
2 1 2 2 0 7 50 -1 -1 6.000 0 0 7 0 0 2
           3450 28650 367010 28650
4 0 0 50 -1 0 10 0.0000 4 135 120 3150 29375 464\001
2 1 2 2 0 7 50 -1 -1 6.000 0 0 7 0 0 2
           3450 29250 367010 29250
4 0 0 50 -1 0 10 0.0000 4 135 120 3150 29975 478\001
2 1 2 2 0 7 50 -1 -1 6.000 0 0 7 0 0 2
           3450 29850 367010 29850
4 0 0 50 -1 0 10 0.0000 4 135 120 3150 30575 504\001
2 1 2 2 0 7 50 -1 -1 6.000 0 0 7 0 0 2
           3450 30450 367010 30450
4 0 0 50 -1 0 10 0.0000 4 135 120 3250 31175 61\001
2 1 2 2 0 7 50 -1 -1 6.000 0 0 7 0 0 2
           3450 31050 367010 31050
4 0 0 50 -1 0 10 0.0000 4 135 120 3150 31775 612\001
2 1 2 2 0 7 50 -1 -1 6.000 0 0 7 0 0 2
           3450 31650 367010 31650
4 0 0 50 -1 0 10 0.0000 4 135 120 3150 32375 720\001
2 1 2 2 0 7 50 -1 -1 6.000 0 0 7 0 0 2
           3450 32250 367010 32250
4 0 0 50 -1 0 10 0.0000 4 135 120 3150 32975 763\001
2 1 2 2 0 7 50 -1 -1 6.000 0 0 7 0 0 2
           3450 32850 367010 32850
4 0 0 50 -1 0 10 0.0000 4 135 120 3150 33575 884\001
2 1 2 2 0 7 50 -1 -1 6.000 0 0 7 0 0 2
           3450 33450 367010 33450
4 0 0 50 -1 0 10 0.0000 4 135 120 3150 34175 886\001
2 1 2 2 0 7 50 -1 -1 6.000 0 0 7 0 0 2
           3450 34050 367010 34050
4 0 0 50 -1 0 10 0.0000 4 135 120 3150 35375 101\001
4 0 0 50 -1 0 10 0.0000 4 135 120 450 34775 ['face_to_face', '2BIO3', 'F']\001
2 1 2 2 0 7 50 -1 -1 6.000 0 0 7 0 0 2
           3450 35250 367010 35250
4 0 0 50 -1 0 10 0.0000 4 135 120 3150 35975 106\001
2 1 2 2 0 7 50 -1 -1 6.000 0 0 7 0 0 2
           3450 35850 367010 35850
4 0 0 50 -1 0 10 0.0000 4 135 120 3150 36575 119\001
2 1 2 2 0 7 50 -1 -1 6.000 0 0 7 0 0 2
           3450 36450 367010 36450
4 0 0 50 -1 0 10 0.0000 4 135 120 3150 37175 122\001
2 1 2 2 0 7 50 -1 -1 6.000 0 0 7 0 0 2
           3450 37050 367010 37050
4 0 0 50 -1 0 10 0.0000 4 135 120 3150 37775 132\001
2 1 2 2 0 7 50 -1 -1 6.000 0 0 7 0 0 2
           3450 37650 367010 37650
4 0 0 50 -1 0 10 0.0000 4 135 120 3150 38375 170\001
2 1 2 2 0 7 50 -1 -1 6.000 0 0 7 0 0 2
           3450 38250 367010 38250
4 0 0 50 -1 0 10 0.0000 4 135 120 3150 38975 179\001
2 1 2 2 0 7 50 -1 -1 6.000 0 0 7 0 0 2
           3450 38850 367010 38850
4 0 0 50 -1 0 10 0.0000 4 135 120 3150 39575 199\001
2 1 2 2 0 7 50 -1 -1 6.000 0 0 7 0 0 2
           3450 39450 367010 39450
4 0 0 50 -1 0 10 0.0000 4 135 120 3150 40175 202\001
2 1 2 2 0 7 50 -1 -1 6.000 0 0 7 0 0 2
           3450 40050 367010 40050
4 0 0 50 -1 0 10 0.0000 4 135 120 3150 40775 240\001
2 1 2 2 0 7 50 -1 -1 6.000 0 0 7 0 0 2
           3450 40650 367010 40650
4 0 0 50 -1 0 10 0.0000 4 135 120 3150 41375 252\001
2 1 2 2 0 7 50 -1 -1 6.000 0 0 7 0 0 2
           3450 41250 367010 41250
4 0 0 50 -1 0 10 0.0000 4 135 120 3150 41975 255\001
2 1 2 2 0 7 50 -1 -1 6.000 0 0 7 0 0 2
           3450 41850 367010 41850
4 0 0 50 -1 0 10 0.0000 4 135 120 3150 42575 265\001
2 1 2 2 0 7 50 -1 -1 6.000 0 0 7 0 0 2
           3450 42450 367010 42450
4 0 0 50 -1 0 10 0.0000 4 135 120 3150 43175 272\001
2 1 2 2 0 7 50 -1 -1 6.000 0 0 7 0 0 2
           3450 43050 367010 43050
4 0 0 50 -1 0 10 0.0000 4 135 120 3150 43775 275\001
2 1 2 2 0 7 50 -1 -1 6.000 0 0 7 0 0 2
           3450 43650 367010 43650
4 0 0 50 -1 0 10 0.0000 4 135 120 3150 44375 346\001
2 1 2 2 0 7 50 -1 -1 6.000 0 0 7 0 0 2
           3450 44250 367010 44250
4 0 0 50 -1 0 10 0.0000 4 135 120 3150 44975 364\001
2 1 2 2 0 7 50 -1 -1 6.000 0 0 7 0 0 2
           3450 44850 367010 44850
4 0 0 50 -1 0 10 0.0000 4 135 120 3150 45575 374\001
2 1 2 2 0 7 50 -1 -1 6.000 0 0 7 0 0 2
           3450 45450 367010 45450
4 0 0 50 -1 0 10 0.0000 4 135 120 3250 46175 39\001
2 1 2 2 0 7 50 -1 -1 6.000 0 0 7 0 0 2
           3450 46050 367010 46050
4 0 0 50 -1 0 10 0.0000 4 135 120 3150 46775 425\001
2 1 2 2 0 7 50 -1 -1 6.000 0 0 7 0 0 2
           3450 46650 367010 46650
4 0 0 50 -1 0 10 0.0000 4 135 120 3150 47375 447\001
2 1 2 2 0 7 50 -1 -1 6.000 0 0 7 0 0 2
           3450 47250 367010 47250
4 0 0 50 -1 0 10 0.0000 4 135 120 3150 47975 545\001
2 1 2 2 0 7 50 -1 -1 6.000 0 0 7 0 0 2
           3450 47850 367010 47850
4 0 0 50 -1 0 10 0.0000 4 135 120 3250 48575 55\001
2 1 2 2 0 7 50 -1 -1 6.000 0 0 7 0 0 2
           3450 48450 367010 48450
4 0 0 50 -1 0 10 0.0000 4 135 120 3150 49175 587\001
2 1 2 2 0 7 50 -1 -1 6.000 0 0 7 0 0 2
           3450 49050 367010 49050
4 0 0 50 -1 0 10 0.0000 4 135 120 3150 49775 626\001
2 1 2 2 0 7 50 -1 -1 6.000 0 0 7 0 0 2
           3450 49650 367010 49650
4 0 0 50 -1 0 10 0.0000 4 135 120 3250 50375 63\001
2 1 2 2 0 7 50 -1 -1 6.000 0 0 7 0 0 2
           3450 50250 367010 50250
4 0 0 50 -1 0 10 0.0000 4 135 120 3150 50975 649\001
2 1 2 2 0 7 50 -1 -1 6.000 0 0 7 0 0 2
           3450 50850 367010 50850
4 0 0 50 -1 0 10 0.0000 4 135 120 3250 51575 70\001
2 1 2 2 0 7 50 -1 -1 6.000 0 0 7 0 0 2
           3450 51450 367010 51450
4 0 0 50 -1 0 10 0.0000 4 135 120 3150 52175 778\001
2 1 2 2 0 7 50 -1 -1 6.000 0 0 7 0 0 2
           3450 52050 367010 52050
4 0 0 50 -1 0 10 0.0000 4 135 120 3150 52775 779\001
2 1 2 2 0 7 50 -1 -1 6.000 0 0 7 0 0 2
           3450 52650 367010 52650
4 0 0 50 -1 0 10 0.0000 4 135 120 3150 53375 883\001
2 1 2 2 0 7 50 -1 -1 6.000 0 0 7 0 0 2
           3450 53250 367010 53250
4 0 0 50 -1 0 10 0.0000 4 135 120 3150 53975 894\001
2 1 2 2 0 7 50 -1 -1 6.000 0 0 7 0 0 2
           3450 53850 367010 53850
4 0 0 50 -1 0 10 0.0000 4 135 120 3150 55175 156\001
4 0 0 50 -1 0 10 0.0000 4 135 120 750 54575 ['face_to_face', 'MP', 'F']\001
2 1 2 2 0 7 50 -1 -1 6.000 0 0 7 0 0 2
           3450 55050 367010 55050
4 0 0 50 -1 0 10 0.0000 4 135 120 3150 55775 245\001
2 1 2 2 0 7 50 -1 -1 6.000 0 0 7 0 0 2
           3450 55650 367010 55650
4 0 0 50 -1 0 10 0.0000 4 135 120 3150 56375 454\001
2 1 2 2 0 7 50 -1 -1 6.000 0 0 7 0 0 2
           3450 56250 367010 56250
4 0 0 50 -1 0 10 0.0000 4 135 120 3150 56975 502\001
2 1 2 2 0 7 50 -1 -1 6.000 0 0 7 0 0 2
           3450 56850 367010 56850
4 0 0 50 -1 0 10 0.0000 4 135 120 3150 57575 520\001
2 1 2 2 0 7 50 -1 -1 6.000 0 0 7 0 0 2
           3450 57450 367010 57450
4 0 0 50 -1 0 10 0.0000 4 135 120 3150 58175 525\001
2 1 2 2 0 7 50 -1 -1 6.000 0 0 7 0 0 2
           3450 58050 367010 58050
4 0 0 50 -1 0 10 0.0000 4 135 120 3150 58775 576\001
2 1 2 2 0 7 50 -1 -1 6.000 0 0 7 0 0 2
           3450 58650 367010 58650
4 0 0 50 -1 0 10 0.0000 4 135 120 3150 59375 577\001
2 1 2 2 0 7 50 -1 -1 6.000 0 0 7 0 0 2
           3450 59250 367010 59250
4 0 0 50 -1 0 10 0.0000 4 135 120 3150 59975 694\001
2 1 2 2 0 7 50 -1 -1 6.000 0 0 7 0 0 2
           3450 59850 367010 59850
4 0 0 50 -1 0 10 0.0000 4 135 120 3150 60575 753\001
2 1 2 2 0 7 50 -1 -1 6.000 0 0 7 0 0 2
           3450 60450 367010 60450
4 0 0 50 -1 0 10 0.0000 4 135 120 3150 61175 874\001
2 1 2 2 0 7 50 -1 -1 6.000 0 0 7 0 0 2
           3450 61050 367010 61050
4 0 0 50 -1 0 10 0.0000 4 135 120 3150 62375 277\001
4 0 0 50 -1 0 10 0.0000 4 135 120 550 61775 ['face_to_face', 'MP*1', 'F']\001
2 1 2 2 0 7 50 -1 -1 6.000 0 0 7 0 0 2
           3450 62250 367010 62250
4 0 0 50 -1 0 10 0.0000 4 135 120 3150 62975 280\001
2 1 2 2 0 7 50 -1 -1 6.000 0 0 7 0 0 2
           3450 62850 367010 62850
4 0 0 50 -1 0 10 0.0000 4 135 120 3150 63575 391\001
2 1 2 2 0 7 50 -1 -1 6.000 0 0 7 0 0 2
           3450 63450 367010 63450
4 0 0 50 -1 0 10 0.0000 4 135 120 3150 64175 777\001
2 1 2 2 0 7 50 -1 -1 6.000 0 0 7 0 0 2
           3450 64050 367010 64050
4 0 0 50 -1 0 10 0.0000 4 135 120 3150 64775 908\001
2 1 2 2 0 7 50 -1 -1 6.000 0 0 7 0 0 2
           3450 64650 367010 64650
4 0 0 50 -1 0 10 0.0000 4 135 120 3150 65375 958\001
2 1 2 2 0 7 50 -1 -1 6.000 0 0 7 0 0 2
           3450 65250 367010 65250
4 0 0 50 -1 0 10 0.0000 4 135 120 3050 66575 1201\001
4 0 0 50 -1 0 10 0.0000 4 135 120 550 65975 ['face_to_face', 'MP*2', 'F']\001
2 1 2 2 0 7 50 -1 -1 6.000 0 0 7 0 0 2
           3450 66450 367010 66450
4 0 0 50 -1 0 10 0.0000 4 135 120 3050 67175 1332\001
2 1 2 2 0 7 50 -1 -1 6.000 0 0 7 0 0 2
           3450 67050 367010 67050
4 0 0 50 -1 0 10 0.0000 4 135 120 3050 67775 1342\001
2 1 2 2 0 7 50 -1 -1 6.000 0 0 7 0 0 2
           3450 67650 367010 67650
4 0 0 50 -1 0 10 0.0000 4 135 120 3050 68375 1412\001
2 1 2 2 0 7 50 -1 -1 6.000 0 0 7 0 0 2
           3450 68250 367010 68250
4 0 0 50 -1 0 10 0.0000 4 135 120 3050 68975 1594\001
2 1 2 2 0 7 50 -1 -1 6.000 0 0 7 0 0 2
           3450 68850 367010 68850
4 0 0 50 -1 0 10 0.0000 4 135 120 3050 69575 1894\001
2 1 2 2 0 7 50 -1 -1 6.000 0 0 7 0 0 2
           3450 69450 367010 69450
4 0 0 50 -1 0 10 0.0000 4 135 120 3150 70775 120\001
4 0 0 50 -1 0 10 0.0000 4 135 120 750 70175 ['face_to_face', 'PC', 'F']\001
2 1 2 2 0 7 50 -1 -1 6.000 0 0 7 0 0 2
           3450 70650 367010 70650
4 0 0 50 -1 0 10 0.0000 4 135 120 3150 71375 134\001
2 1 2 2 0 7 50 -1 -1 6.000 0 0 7 0 0 2
           3450 71250 367010 71250
4 0 0 50 -1 0 10 0.0000 4 135 120 3150 71975 172\001
2 1 2 2 0 7 50 -1 -1 6.000 0 0 7 0 0 2
           3450 71850 367010 71850
4 0 0 50 -1 0 10 0.0000 4 135 120 3150 72575 210\001
2 1 2 2 0 7 50 -1 -1 6.000 0 0 7 0 0 2
           3450 72450 367010 72450
4 0 0 50 -1 0 10 0.0000 4 135 120 3150 73175 211\001
2 1 2 2 0 7 50 -1 -1 6.000 0 0 7 0 0 2
           3450 73050 367010 73050
4 0 0 50 -1 0 10 0.0000 4 135 120 3150 73775 232\001
2 1 2 2 0 7 50 -1 -1 6.000 0 0 7 0 0 2
           3450 73650 367010 73650
4 0 0 50 -1 0 10 0.0000 4 135 120 3150 74375 242\001
2 1 2 2 0 7 50 -1 -1 6.000 0 0 7 0 0 2
           3450 74250 367010 74250
4 0 0 50 -1 0 10 0.0000 4 135 120 3150 74975 285\001
2 1 2 2 0 7 50 -1 -1 6.000 0 0 7 0 0 2
           3450 74850 367010 74850
4 0 0 50 -1 0 10 0.0000 4 135 120 3150 75575 388\001
2 1 2 2 0 7 50 -1 -1 6.000 0 0 7 0 0 2
           3450 75450 367010 75450
4 0 0 50 -1 0 10 0.0000 4 135 120 3250 76175 45\001
2 1 2 2 0 7 50 -1 -1 6.000 0 0 7 0 0 2
           3450 76050 367010 76050
4 0 0 50 -1 0 10 0.0000 4 135 120 3150 76775 450\001
2 1 2 2 0 7 50 -1 -1 6.000 0 0 7 0 0 2
           3450 76650 367010 76650
4 0 0 50 -1 0 10 0.0000 4 135 120 3150 77375 468\001
2 1 2 2 0 7 50 -1 -1 6.000 0 0 7 0 0 2
           3450 77250 367010 77250
4 0 0 50 -1 0 10 0.0000 4 135 120 3150 77975 601\001
2 1 2 2 0 7 50 -1 -1 6.000 0 0 7 0 0 2
           3450 77850 367010 77850
4 0 0 50 -1 0 10 0.0000 4 135 120 3150 78575 706\001
2 1 2 2 0 7 50 -1 -1 6.000 0 0 7 0 0 2
           3450 78450 367010 78450
4 0 0 50 -1 0 10 0.0000 4 135 120 3250 79175 79\001
2 1 2 2 0 7 50 -1 -1 6.000 0 0 7 0 0 2
           3450 79050 367010 79050
4 0 0 50 -1 0 10 0.0000 4 135 120 3250 79775 80\001
2 1 2 2 0 7 50 -1 -1 6.000 0 0 7 0 0 2
           3450 79650 367010 79650
4 0 0 50 -1 0 10 0.0000 4 135 120 3150 80375 845\001
2 1 2 2 0 7 50 -1 -1 6.000 0 0 7 0 0 2
           3450 80250 367010 80250
4 0 0 50 -1 0 10 0.0000 4 135 120 3250 80975 87\001
2 1 2 2 0 7 50 -1 -1 6.000 0 0 7 0 0 2
           3450 80850 367010 80850
4 0 0 50 -1 0 10 0.0000 4 135 120 3150 82175 176\001
4 0 0 50 -1 0 10 0.0000 4 135 120 650 81575 ['face_to_face', 'PC*', 'F']\001
2 1 2 2 0 7 50 -1 -1 6.000 0 0 7 0 0 2
           3450 82050 367010 82050
4 0 0 50 -1 0 10 0.0000 4 135 120 3150 82775 213\001
2 1 2 2 0 7 50 -1 -1 6.000 0 0 7 0 0 2
           3450 82650 367010 82650
4 0 0 50 -1 0 10 0.0000 4 135 120 3150 83375 214\001
2 1 2 2 0 7 50 -1 -1 6.000 0 0 7 0 0 2
           3450 83250 367010 83250
4 0 0 50 -1 0 10 0.0000 4 135 120 3150 83975 222\001
2 1 2 2 0 7 50 -1 -1 6.000 0 0 7 0 0 2
           3450 83850 367010 83850
4 0 0 50 -1 0 10 0.0000 4 135 120 3150 84575 258\001
2 1 2 2 0 7 50 -1 -1 6.000 0 0 7 0 0 2
           3450 84450 367010 84450
4 0 0 50 -1 0 10 0.0000 4 135 120 3150 85175 343\001
2 1 2 2 0 7 50 -1 -1 6.000 0 0 7 0 0 2
           3450 85050 367010 85050
4 0 0 50 -1 0 10 0.0000 4 135 120 3150 85775 548\001
2 1 2 2 0 7 50 -1 -1 6.000 0 0 7 0 0 2
           3450 85650 367010 85650
4 0 0 50 -1 0 10 0.0000 4 135 120 3150 86375 765\001
2 1 2 2 0 7 50 -1 -1 6.000 0 0 7 0 0 2
           3450 86250 367010 86250
4 0 0 50 -1 0 10 0.0000 4 135 120 3150 86975 784\001
2 1 2 2 0 7 50 -1 -1 6.000 0 0 7 0 0 2
           3450 86850 367010 86850
4 0 0 50 -1 0 10 0.0000 4 135 120 3150 87575 836\001
2 1 2 2 0 7 50 -1 -1 6.000 0 0 7 0 0 2
           3450 87450 367010 87450
4 0 0 50 -1 0 10 0.0000 4 135 120 3150 88175 843\001
2 1 2 2 0 7 50 -1 -1 6.000 0 0 7 0 0 2
           3450 88050 367010 88050
4 0 0 50 -1 0 10 0.0000 4 135 120 3250 88775 85\001
2 1 2 2 0 7 50 -1 -1 6.000 0 0 7 0 0 2
           3450 88650 367010 88650
4 0 0 50 -1 0 10 0.0000 4 135 120 3150 89375 867\001
2 1 2 2 0 7 50 -1 -1 6.000 0 0 7 0 0 2
           3450 89250 367010 89250
4 0 0 50 -1 0 10 0.0000 4 135 120 3150 89975 941\001
2 1 2 2 0 7 50 -1 -1 6.000 0 0 7 0 0 2
           3450 89850 367010 89850
4 0 0 50 -1 0 10 0.0000 4 135 120 3150 91175 125\001
4 0 0 50 -1 0 10 0.0000 4 135 120 550 90575 ['face_to_face', 'PSI*', 'F']\001
2 1 2 2 0 7 50 -1 -1 6.000 0 0 7 0 0 2
           3450 91050 367010 91050
4 0 0 50 -1 0 10 0.0000 4 135 120 3150 91775 333\001
2 1 2 2 0 7 50 -1 -1 6.000 0 0 7 0 0 2
           3450 91650 367010 91650
4 0 0 50 -1 0 10 0.0000 4 135 120 3150 92375 434\001
2 1 2 2 0 7 50 -1 -1 6.000 0 0 7 0 0 2
           3450 92250 367010 92250
4 0 0 50 -1 0 10 0.0000 4 135 120 3150 92975 440\001
2 1 2 2 0 7 50 -1 -1 6.000 0 0 7 0 0 2
           3450 92850 367010 92850
4 0 0 50 -1 0 10 0.0000 4 135 120 3250 93575 47\001
2 1 2 2 0 7 50 -1 -1 6.000 0 0 7 0 0 2
           3450 93450 367010 93450
4 0 0 50 -1 0 10 0.0000 4 135 120 3150 94175 491\001
2 1 2 2 0 7 50 -1 -1 6.000 0 0 7 0 0 2
           3450 94050 367010 94050
4 0 0 50 -1 0 10 0.0000 4 135 120 3150 94775 647\001
2 1 2 2 0 7 50 -1 -1 6.000 0 0 7 0 0 2
           3450 94650 367010 94650
4 0 0 50 -1 0 10 0.0000 4 135 120 3150 95375 797\001
2 1 2 2 0 7 50 -1 -1 6.000 0 0 7 0 0 2
           3450 95250 367010 95250
4 0 0 50 -1 0 10 0.0000 4 135 120 3150 95975 920\001
2 1 2 2 0 7 50 -1 -1 6.000 0 0 7 0 0 2
           3450 95850 367010 95850
4 0 0 50 -1 0 10 0.0000 4 135 120 3150 96575 921\001
2 1 2 2 0 7 50 -1 -1 6.000 0 0 7 0 0 2
           3450 96450 367010 96450
4 0 0 50 -1 0 10 0.0000 4 135 120 3150 97775 111\001
4 0 0 50 -1 0 10 0.0000 4 135 120 850 97175 ['facebook', '2BIO1', 'F']\001
2 1 2 2 0 7 50 -1 -1 6.000 0 0 7 0 0 2
           3450 97650 367010 97650
4 0 0 50 -1 0 10 0.0000 4 135 120 3150 98375 124\001
2 1 2 2 0 7 50 -1 -1 6.000 0 0 7 0 0 2
           3450 98250 367010 98250
4 0 0 50 -1 0 10 0.0000 4 135 120 3150 98975 145\001
2 1 2 2 0 7 50 -1 -1 6.000 0 0 7 0 0 2
           3450 98850 367010 98850
4 0 0 50 -1 0 10 0.0000 4 135 120 3150 99575 177\001
2 1 2 2 0 7 50 -1 -1 6.000 0 0 7 0 0 2
           3450 99450 367010 99450
4 0 0 50 -1 0 10 0.0000 4 135 120 3150 100175 400\001
2 1 2 2 0 7 50 -1 -1 6.000 0 0 7 0 0 2
           3450 100050 367010 100050
4 0 0 50 -1 0 10 0.0000 4 135 120 3150 100775 443\001
2 1 2 2 0 7 50 -1 -1 6.000 0 0 7 0 0 2
           3450 100650 367010 100650
4 0 0 50 -1 0 10 0.0000 4 135 120 3150 101375 465\001
2 1 2 2 0 7 50 -1 -1 6.000 0 0 7 0 0 2
           3450 101250 367010 101250
4 0 0 50 -1 0 10 0.0000 4 135 120 3150 101975 471\001
2 1 2 2 0 7 50 -1 -1 6.000 0 0 7 0 0 2
           3450 101850 367010 101850
4 0 0 50 -1 0 10 0.0000 4 135 120 3150 102575 486\001
2 1 2 2 0 7 50 -1 -1 6.000 0 0 7 0 0 2
           3450 102450 367010 102450
4 0 0 50 -1 0 10 0.0000 4 135 120 3150 103175 487\001
2 1 2 2 0 7 50 -1 -1 6.000 0 0 7 0 0 2
           3450 103050 367010 103050
4 0 0 50 -1 0 10 0.0000 4 135 120 3150 103775 489\001
2 1 2 2 0 7 50 -1 -1 6.000 0 0 7 0 0 2
           3450 103650 367010 103650
4 0 0 50 -1 0 10 0.0000 4 135 120 3150 104375 498\001
2 1 2 2 0 7 50 -1 -1 6.000 0 0 7 0 0 2
           3450 104250 367010 104250
4 0 0 50 -1 0 10 0.0000 4 135 120 3150 104975 531\001
2 1 2 2 0 7 50 -1 -1 6.000 0 0 7 0 0 2
           3450 104850 367010 104850
4 0 0 50 -1 0 10 0.0000 4 135 120 3250 105575 62\001
2 1 2 2 0 7 50 -1 -1 6.000 0 0 7 0 0 2
           3450 105450 367010 105450
4 0 0 50 -1 0 10 0.0000 4 135 120 3150 106175 627\001
2 1 2 2 0 7 50 -1 -1 6.000 0 0 7 0 0 2
           3450 106050 367010 106050
4 0 0 50 -1 0 10 0.0000 4 135 120 3150 106775 637\001
2 1 2 2 0 7 50 -1 -1 6.000 0 0 7 0 0 2
           3450 106650 367010 106650
4 0 0 50 -1 0 10 0.0000 4 135 120 3150 107375 650\001
2 1 2 2 0 7 50 -1 -1 6.000 0 0 7 0 0 2
           3450 107250 367010 107250
4 0 0 50 -1 0 10 0.0000 4 135 120 3150 107975 674\001
2 1 2 2 0 7 50 -1 -1 6.000 0 0 7 0 0 2
           3450 107850 367010 107850
4 0 0 50 -1 0 10 0.0000 4 135 120 3150 108575 681\001
2 1 2 2 0 7 50 -1 -1 6.000 0 0 7 0 0 2
           3450 108450 367010 108450
4 0 0 50 -1 0 10 0.0000 4 135 120 3250 109175 72\001
2 1 2 2 0 7 50 -1 -1 6.000 0 0 7 0 0 2
           3450 109050 367010 109050
4 0 0 50 -1 0 10 0.0000 4 135 120 3150 109775 809\001
2 1 2 2 0 7 50 -1 -1 6.000 0 0 7 0 0 2
           3450 109650 367010 109650
4 0 0 50 -1 0 10 0.0000 4 135 120 3150 110375 854\001
2 1 2 2 0 7 50 -1 -1 6.000 0 0 7 0 0 2
           3450 110250 367010 110250
4 0 0 50 -1 0 10 0.0000 4 135 120 3150 110975 857\001
2 1 2 2 0 7 50 -1 -1 6.000 0 0 7 0 0 2
           3450 110850 367010 110850
4 0 0 50 -1 0 10 0.0000 4 135 120 3150 111575 927\001
2 1 2 2 0 7 50 -1 -1 6.000 0 0 7 0 0 2
           3450 111450 367010 111450
4 0 0 50 -1 0 10 0.0000 4 135 120 3150 112175 945\001
2 1 2 2 0 7 50 -1 -1 6.000 0 0 7 0 0 2
           3450 112050 367010 112050
4 0 0 50 -1 0 10 0.0000 4 135 120 3150 112775 954\001
2 1 2 2 0 7 50 -1 -1 6.000 0 0 7 0 0 2
           3450 112650 367010 112650
4 0 0 50 -1 0 10 0.0000 4 135 120 3150 113375 970\001
2 1 2 2 0 7 50 -1 -1 6.000 0 0 7 0 0 2
           3450 113250 367010 113250
4 0 0 50 -1 0 10 0.0000 4 135 120 3150 113975 984\001
2 1 2 2 0 7 50 -1 -1 6.000 0 0 7 0 0 2
           3450 113850 367010 113850
4 0 0 50 -1 0 10 0.0000 4 135 120 3150 115175 160\001
4 0 0 50 -1 0 10 0.0000 4 135 120 850 114575 ['facebook', '2BIO2', 'F']\001
2 1 2 2 0 7 50 -1 -1 6.000 0 0 7 0 0 2
           3450 115050 367010 115050
4 0 0 50 -1 0 10 0.0000 4 135 120 3150 115775 165\001
2 1 2 2 0 7 50 -1 -1 6.000 0 0 7 0 0 2
           3450 115650 367010 115650
4 0 0 50 -1 0 10 0.0000 4 135 120 3150 116375 173\001
2 1 2 2 0 7 50 -1 -1 6.000 0 0 7 0 0 2
           3450 116250 367010 116250
4 0 0 50 -1 0 10 0.0000 4 135 120 3150 116975 226\001
2 1 2 2 0 7 50 -1 -1 6.000 0 0 7 0 0 2
           3450 116850 367010 116850
4 0 0 50 -1 0 10 0.0000 4 135 120 3150 117575 239\001
2 1 2 2 0 7 50 -1 -1 6.000 0 0 7 0 0 2
           3450 117450 367010 117450
4 0 0 50 -1 0 10 0.0000 4 135 120 3150 118175 257\001
2 1 2 2 0 7 50 -1 -1 6.000 0 0 7 0 0 2
           3450 118050 367010 118050
4 0 0 50 -1 0 10 0.0000 4 135 120 3150 118775 268\001
2 1 2 2 0 7 50 -1 -1 6.000 0 0 7 0 0 2
           3450 118650 367010 118650
4 0 0 50 -1 0 10 0.0000 4 135 120 3150 119375 295\001
2 1 2 2 0 7 50 -1 -1 6.000 0 0 7 0 0 2
           3450 119250 367010 119250
4 0 0 50 -1 0 10 0.0000 4 135 120 3150 119975 312\001
2 1 2 2 0 7 50 -1 -1 6.000 0 0 7 0 0 2
           3450 119850 367010 119850
4 0 0 50 -1 0 10 0.0000 4 135 120 3150 120575 339\001
2 1 2 2 0 7 50 -1 -1 6.000 0 0 7 0 0 2
           3450 120450 367010 120450
4 0 0 50 -1 0 10 0.0000 4 135 120 3150 121175 441\001
2 1 2 2 0 7 50 -1 -1 6.000 0 0 7 0 0 2
           3450 121050 367010 121050
4 0 0 50 -1 0 10 0.0000 4 135 120 3250 121775 46\001
2 1 2 2 0 7 50 -1 -1 6.000 0 0 7 0 0 2
           3450 121650 367010 121650
4 0 0 50 -1 0 10 0.0000 4 135 120 3150 122375 464\001
2 1 2 2 0 7 50 -1 -1 6.000 0 0 7 0 0 2
           3450 122250 367010 122250
4 0 0 50 -1 0 10 0.0000 4 135 120 3150 122975 478\001
2 1 2 2 0 7 50 -1 -1 6.000 0 0 7 0 0 2
           3450 122850 367010 122850
4 0 0 50 -1 0 10 0.0000 4 135 120 3150 123575 504\001
2 1 2 2 0 7 50 -1 -1 6.000 0 0 7 0 0 2
           3450 123450 367010 123450
4 0 0 50 -1 0 10 0.0000 4 135 120 3250 124175 61\001
2 1 2 2 0 7 50 -1 -1 6.000 0 0 7 0 0 2
           3450 124050 367010 124050
4 0 0 50 -1 0 10 0.0000 4 135 120 3150 124775 612\001
2 1 2 2 0 7 50 -1 -1 6.000 0 0 7 0 0 2
           3450 124650 367010 124650
4 0 0 50 -1 0 10 0.0000 4 135 120 3150 125375 720\001
2 1 2 2 0 7 50 -1 -1 6.000 0 0 7 0 0 2
           3450 125250 367010 125250
4 0 0 50 -1 0 10 0.0000 4 135 120 3150 125975 763\001
2 1 2 2 0 7 50 -1 -1 6.000 0 0 7 0 0 2
           3450 125850 367010 125850
4 0 0 50 -1 0 10 0.0000 4 135 120 3150 126575 884\001
2 1 2 2 0 7 50 -1 -1 6.000 0 0 7 0 0 2
           3450 126450 367010 126450
4 0 0 50 -1 0 10 0.0000 4 135 120 3150 127175 886\001
2 1 2 2 0 7 50 -1 -1 6.000 0 0 7 0 0 2
           3450 127050 367010 127050
4 0 0 50 -1 0 10 0.0000 4 135 120 3150 128375 101\001
4 0 0 50 -1 0 10 0.0000 4 135 120 850 127775 ['facebook', '2BIO3', 'F']\001
2 1 2 2 0 7 50 -1 -1 6.000 0 0 7 0 0 2
           3450 128250 367010 128250
4 0 0 50 -1 0 10 0.0000 4 135 120 3150 128975 106\001
2 1 2 2 0 7 50 -1 -1 6.000 0 0 7 0 0 2
           3450 128850 367010 128850
4 0 0 50 -1 0 10 0.0000 4 135 120 3150 129575 119\001
2 1 2 2 0 7 50 -1 -1 6.000 0 0 7 0 0 2
           3450 129450 367010 129450
4 0 0 50 -1 0 10 0.0000 4 135 120 3150 130175 122\001
2 1 2 2 0 7 50 -1 -1 6.000 0 0 7 0 0 2
           3450 130050 367010 130050
4 0 0 50 -1 0 10 0.0000 4 135 120 3150 130775 132\001
2 1 2 2 0 7 50 -1 -1 6.000 0 0 7 0 0 2
           3450 130650 367010 130650
4 0 0 50 -1 0 10 0.0000 4 135 120 3150 131375 170\001
2 1 2 2 0 7 50 -1 -1 6.000 0 0 7 0 0 2
           3450 131250 367010 131250
4 0 0 50 -1 0 10 0.0000 4 135 120 3150 131975 179\001
2 1 2 2 0 7 50 -1 -1 6.000 0 0 7 0 0 2
           3450 131850 367010 131850
4 0 0 50 -1 0 10 0.0000 4 135 120 3150 132575 199\001
2 1 2 2 0 7 50 -1 -1 6.000 0 0 7 0 0 2
           3450 132450 367010 132450
4 0 0 50 -1 0 10 0.0000 4 135 120 3150 133175 202\001
2 1 2 2 0 7 50 -1 -1 6.000 0 0 7 0 0 2
           3450 133050 367010 133050
4 0 0 50 -1 0 10 0.0000 4 135 120 3150 133775 240\001
2 1 2 2 0 7 50 -1 -1 6.000 0 0 7 0 0 2
           3450 133650 367010 133650
4 0 0 50 -1 0 10 0.0000 4 135 120 3150 134375 252\001
2 1 2 2 0 7 50 -1 -1 6.000 0 0 7 0 0 2
           3450 134250 367010 134250
4 0 0 50 -1 0 10 0.0000 4 135 120 3150 134975 255\001
2 1 2 2 0 7 50 -1 -1 6.000 0 0 7 0 0 2
           3450 134850 367010 134850
4 0 0 50 -1 0 10 0.0000 4 135 120 3150 135575 265\001
2 1 2 2 0 7 50 -1 -1 6.000 0 0 7 0 0 2
           3450 135450 367010 135450
4 0 0 50 -1 0 10 0.0000 4 135 120 3150 136175 272\001
2 1 2 2 0 7 50 -1 -1 6.000 0 0 7 0 0 2
           3450 136050 367010 136050
4 0 0 50 -1 0 10 0.0000 4 135 120 3150 136775 275\001
2 1 2 2 0 7 50 -1 -1 6.000 0 0 7 0 0 2
           3450 136650 367010 136650
4 0 0 50 -1 0 10 0.0000 4 135 120 3150 137375 346\001
2 1 2 2 0 7 50 -1 -1 6.000 0 0 7 0 0 2
           3450 137250 367010 137250
4 0 0 50 -1 0 10 0.0000 4 135 120 3150 137975 364\001
2 1 2 2 0 7 50 -1 -1 6.000 0 0 7 0 0 2
           3450 137850 367010 137850
4 0 0 50 -1 0 10 0.0000 4 135 120 3150 138575 374\001
2 1 2 2 0 7 50 -1 -1 6.000 0 0 7 0 0 2
           3450 138450 367010 138450
4 0 0 50 -1 0 10 0.0000 4 135 120 3250 139175 39\001
2 1 2 2 0 7 50 -1 -1 6.000 0 0 7 0 0 2
           3450 139050 367010 139050
4 0 0 50 -1 0 10 0.0000 4 135 120 3150 139775 425\001
2 1 2 2 0 7 50 -1 -1 6.000 0 0 7 0 0 2
           3450 139650 367010 139650
4 0 0 50 -1 0 10 0.0000 4 135 120 3150 140375 447\001
2 1 2 2 0 7 50 -1 -1 6.000 0 0 7 0 0 2
           3450 140250 367010 140250
4 0 0 50 -1 0 10 0.0000 4 135 120 3150 140975 545\001
2 1 2 2 0 7 50 -1 -1 6.000 0 0 7 0 0 2
           3450 140850 367010 140850
4 0 0 50 -1 0 10 0.0000 4 135 120 3250 141575 55\001
2 1 2 2 0 7 50 -1 -1 6.000 0 0 7 0 0 2
           3450 141450 367010 141450
4 0 0 50 -1 0 10 0.0000 4 135 120 3150 142175 587\001
2 1 2 2 0 7 50 -1 -1 6.000 0 0 7 0 0 2
           3450 142050 367010 142050
4 0 0 50 -1 0 10 0.0000 4 135 120 3150 142775 626\001
2 1 2 2 0 7 50 -1 -1 6.000 0 0 7 0 0 2
           3450 142650 367010 142650
4 0 0 50 -1 0 10 0.0000 4 135 120 3250 143375 63\001
2 1 2 2 0 7 50 -1 -1 6.000 0 0 7 0 0 2
           3450 143250 367010 143250
4 0 0 50 -1 0 10 0.0000 4 135 120 3150 143975 649\001
2 1 2 2 0 7 50 -1 -1 6.000 0 0 7 0 0 2
           3450 143850 367010 143850
4 0 0 50 -1 0 10 0.0000 4 135 120 3250 144575 70\001
2 1 2 2 0 7 50 -1 -1 6.000 0 0 7 0 0 2
           3450 144450 367010 144450
4 0 0 50 -1 0 10 0.0000 4 135 120 3150 145175 778\001
2 1 2 2 0 7 50 -1 -1 6.000 0 0 7 0 0 2
           3450 145050 367010 145050
4 0 0 50 -1 0 10 0.0000 4 135 120 3150 145775 779\001
2 1 2 2 0 7 50 -1 -1 6.000 0 0 7 0 0 2
           3450 145650 367010 145650
4 0 0 50 -1 0 10 0.0000 4 135 120 3150 146375 883\001
2 1 2 2 0 7 50 -1 -1 6.000 0 0 7 0 0 2
           3450 146250 367010 146250
4 0 0 50 -1 0 10 0.0000 4 135 120 3150 146975 894\001
2 1 2 2 0 7 50 -1 -1 6.000 0 0 7 0 0 2
           3450 146850 367010 146850
4 0 0 50 -1 0 10 0.0000 4 135 120 3150 148175 156\001
4 0 0 50 -1 0 10 0.0000 4 135 120 1150 147575 ['facebook', 'MP', 'F']\001
2 1 2 2 0 7 50 -1 -1 6.000 0 0 7 0 0 2
           3450 148050 367010 148050
4 0 0 50 -1 0 10 0.0000 4 135 120 3150 148775 245\001
2 1 2 2 0 7 50 -1 -1 6.000 0 0 7 0 0 2
           3450 148650 367010 148650
4 0 0 50 -1 0 10 0.0000 4 135 120 3150 149375 454\001
2 1 2 2 0 7 50 -1 -1 6.000 0 0 7 0 0 2
           3450 149250 367010 149250
4 0 0 50 -1 0 10 0.0000 4 135 120 3150 149975 502\001
2 1 2 2 0 7 50 -1 -1 6.000 0 0 7 0 0 2
           3450 149850 367010 149850
4 0 0 50 -1 0 10 0.0000 4 135 120 3150 150575 520\001
2 1 2 2 0 7 50 -1 -1 6.000 0 0 7 0 0 2
           3450 150450 367010 150450
4 0 0 50 -1 0 10 0.0000 4 135 120 3150 151175 525\001
2 1 2 2 0 7 50 -1 -1 6.000 0 0 7 0 0 2
           3450 151050 367010 151050
4 0 0 50 -1 0 10 0.0000 4 135 120 3150 151775 576\001
2 1 2 2 0 7 50 -1 -1 6.000 0 0 7 0 0 2
           3450 151650 367010 151650
4 0 0 50 -1 0 10 0.0000 4 135 120 3150 152375 577\001
2 1 2 2 0 7 50 -1 -1 6.000 0 0 7 0 0 2
           3450 152250 367010 152250
4 0 0 50 -1 0 10 0.0000 4 135 120 3150 152975 694\001
2 1 2 2 0 7 50 -1 -1 6.000 0 0 7 0 0 2
           3450 152850 367010 152850
4 0 0 50 -1 0 10 0.0000 4 135 120 3150 153575 753\001
2 1 2 2 0 7 50 -1 -1 6.000 0 0 7 0 0 2
           3450 153450 367010 153450
4 0 0 50 -1 0 10 0.0000 4 135 120 3150 154175 874\001
2 1 2 2 0 7 50 -1 -1 6.000 0 0 7 0 0 2
           3450 154050 367010 154050
4 0 0 50 -1 0 10 0.0000 4 135 120 3150 155375 277\001
4 0 0 50 -1 0 10 0.0000 4 135 120 950 154775 ['facebook', 'MP*1', 'F']\001
2 1 2 2 0 7 50 -1 -1 6.000 0 0 7 0 0 2
           3450 155250 367010 155250
4 0 0 50 -1 0 10 0.0000 4 135 120 3150 155975 280\001
2 1 2 2 0 7 50 -1 -1 6.000 0 0 7 0 0 2
           3450 155850 367010 155850
4 0 0 50 -1 0 10 0.0000 4 135 120 3150 156575 391\001
2 1 2 2 0 7 50 -1 -1 6.000 0 0 7 0 0 2
           3450 156450 367010 156450
4 0 0 50 -1 0 10 0.0000 4 135 120 3150 157175 777\001
2 1 2 2 0 7 50 -1 -1 6.000 0 0 7 0 0 2
           3450 157050 367010 157050
4 0 0 50 -1 0 10 0.0000 4 135 120 3150 157775 908\001
2 1 2 2 0 7 50 -1 -1 6.000 0 0 7 0 0 2
           3450 157650 367010 157650
4 0 0 50 -1 0 10 0.0000 4 135 120 3150 158375 958\001
2 1 2 2 0 7 50 -1 -1 6.000 0 0 7 0 0 2
           3450 158250 367010 158250
4 0 0 50 -1 0 10 0.0000 4 135 120 3050 159575 1201\001
4 0 0 50 -1 0 10 0.0000 4 135 120 950 158975 ['facebook', 'MP*2', 'F']\001
2 1 2 2 0 7 50 -1 -1 6.000 0 0 7 0 0 2
           3450 159450 367010 159450
4 0 0 50 -1 0 10 0.0000 4 135 120 3050 160175 1332\001
2 1 2 2 0 7 50 -1 -1 6.000 0 0 7 0 0 2
           3450 160050 367010 160050
4 0 0 50 -1 0 10 0.0000 4 135 120 3050 160775 1342\001
2 1 2 2 0 7 50 -1 -1 6.000 0 0 7 0 0 2
           3450 160650 367010 160650
4 0 0 50 -1 0 10 0.0000 4 135 120 3050 161375 1412\001
2 1 2 2 0 7 50 -1 -1 6.000 0 0 7 0 0 2
           3450 161250 367010 161250
4 0 0 50 -1 0 10 0.0000 4 135 120 3050 161975 1594\001
2 1 2 2 0 7 50 -1 -1 6.000 0 0 7 0 0 2
           3450 161850 367010 161850
4 0 0 50 -1 0 10 0.0000 4 135 120 3050 162575 1894\001
2 1 2 2 0 7 50 -1 -1 6.000 0 0 7 0 0 2
           3450 162450 367010 162450
4 0 0 50 -1 0 10 0.0000 4 135 120 3150 163775 120\001
4 0 0 50 -1 0 10 0.0000 4 135 120 1150 163175 ['facebook', 'PC', 'F']\001
2 1 2 2 0 7 50 -1 -1 6.000 0 0 7 0 0 2
           3450 163650 367010 163650
4 0 0 50 -1 0 10 0.0000 4 135 120 3150 164375 134\001
2 1 2 2 0 7 50 -1 -1 6.000 0 0 7 0 0 2
           3450 164250 367010 164250
4 0 0 50 -1 0 10 0.0000 4 135 120 3150 164975 172\001
2 1 2 2 0 7 50 -1 -1 6.000 0 0 7 0 0 2
           3450 164850 367010 164850
4 0 0 50 -1 0 10 0.0000 4 135 120 3150 165575 210\001
2 1 2 2 0 7 50 -1 -1 6.000 0 0 7 0 0 2
           3450 165450 367010 165450
4 0 0 50 -1 0 10 0.0000 4 135 120 3150 166175 211\001
2 1 2 2 0 7 50 -1 -1 6.000 0 0 7 0 0 2
           3450 166050 367010 166050
4 0 0 50 -1 0 10 0.0000 4 135 120 3150 166775 232\001
2 1 2 2 0 7 50 -1 -1 6.000 0 0 7 0 0 2
           3450 166650 367010 166650
4 0 0 50 -1 0 10 0.0000 4 135 120 3150 167375 242\001
2 1 2 2 0 7 50 -1 -1 6.000 0 0 7 0 0 2
           3450 167250 367010 167250
4 0 0 50 -1 0 10 0.0000 4 135 120 3150 167975 285\001
2 1 2 2 0 7 50 -1 -1 6.000 0 0 7 0 0 2
           3450 167850 367010 167850
4 0 0 50 -1 0 10 0.0000 4 135 120 3150 168575 388\001
2 1 2 2 0 7 50 -1 -1 6.000 0 0 7 0 0 2
           3450 168450 367010 168450
4 0 0 50 -1 0 10 0.0000 4 135 120 3250 169175 45\001
2 1 2 2 0 7 50 -1 -1 6.000 0 0 7 0 0 2
           3450 169050 367010 169050
4 0 0 50 -1 0 10 0.0000 4 135 120 3150 169775 450\001
2 1 2 2 0 7 50 -1 -1 6.000 0 0 7 0 0 2
           3450 169650 367010 169650
4 0 0 50 -1 0 10 0.0000 4 135 120 3150 170375 468\001
2 1 2 2 0 7 50 -1 -1 6.000 0 0 7 0 0 2
           3450 170250 367010 170250
4 0 0 50 -1 0 10 0.0000 4 135 120 3150 170975 601\001
2 1 2 2 0 7 50 -1 -1 6.000 0 0 7 0 0 2
           3450 170850 367010 170850
4 0 0 50 -1 0 10 0.0000 4 135 120 3150 171575 706\001
2 1 2 2 0 7 50 -1 -1 6.000 0 0 7 0 0 2
           3450 171450 367010 171450
4 0 0 50 -1 0 10 0.0000 4 135 120 3250 172175 79\001
2 1 2 2 0 7 50 -1 -1 6.000 0 0 7 0 0 2
           3450 172050 367010 172050
4 0 0 50 -1 0 10 0.0000 4 135 120 3250 172775 80\001
2 1 2 2 0 7 50 -1 -1 6.000 0 0 7 0 0 2
           3450 172650 367010 172650
4 0 0 50 -1 0 10 0.0000 4 135 120 3150 173375 845\001
2 1 2 2 0 7 50 -1 -1 6.000 0 0 7 0 0 2
           3450 173250 367010 173250
4 0 0 50 -1 0 10 0.0000 4 135 120 3250 173975 87\001
2 1 2 2 0 7 50 -1 -1 6.000 0 0 7 0 0 2
           3450 173850 367010 173850
4 0 0 50 -1 0 10 0.0000 4 135 120 3150 175175 176\001
4 0 0 50 -1 0 10 0.0000 4 135 120 1050 174575 ['facebook', 'PC*', 'F']\001
2 1 2 2 0 7 50 -1 -1 6.000 0 0 7 0 0 2
           3450 175050 367010 175050
4 0 0 50 -1 0 10 0.0000 4 135 120 3150 175775 213\001
2 1 2 2 0 7 50 -1 -1 6.000 0 0 7 0 0 2
           3450 175650 367010 175650
4 0 0 50 -1 0 10 0.0000 4 135 120 3150 176375 214\001
2 1 2 2 0 7 50 -1 -1 6.000 0 0 7 0 0 2
           3450 176250 367010 176250
4 0 0 50 -1 0 10 0.0000 4 135 120 3150 176975 222\001
2 1 2 2 0 7 50 -1 -1 6.000 0 0 7 0 0 2
           3450 176850 367010 176850
4 0 0 50 -1 0 10 0.0000 4 135 120 3150 177575 258\001
2 1 2 2 0 7 50 -1 -1 6.000 0 0 7 0 0 2
           3450 177450 367010 177450
4 0 0 50 -1 0 10 0.0000 4 135 120 3150 178175 343\001
2 1 2 2 0 7 50 -1 -1 6.000 0 0 7 0 0 2
           3450 178050 367010 178050
4 0 0 50 -1 0 10 0.0000 4 135 120 3150 178775 548\001
2 1 2 2 0 7 50 -1 -1 6.000 0 0 7 0 0 2
           3450 178650 367010 178650
4 0 0 50 -1 0 10 0.0000 4 135 120 3150 179375 765\001
2 1 2 2 0 7 50 -1 -1 6.000 0 0 7 0 0 2
           3450 179250 367010 179250
4 0 0 50 -1 0 10 0.0000 4 135 120 3150 179975 784\001
2 1 2 2 0 7 50 -1 -1 6.000 0 0 7 0 0 2
           3450 179850 367010 179850
4 0 0 50 -1 0 10 0.0000 4 135 120 3150 180575 836\001
2 1 2 2 0 7 50 -1 -1 6.000 0 0 7 0 0 2
           3450 180450 367010 180450
4 0 0 50 -1 0 10 0.0000 4 135 120 3150 181175 843\001
2 1 2 2 0 7 50 -1 -1 6.000 0 0 7 0 0 2
           3450 181050 367010 181050
4 0 0 50 -1 0 10 0.0000 4 135 120 3250 181775 85\001
2 1 2 2 0 7 50 -1 -1 6.000 0 0 7 0 0 2
           3450 181650 367010 181650
4 0 0 50 -1 0 10 0.0000 4 135 120 3150 182375 867\001
2 1 2 2 0 7 50 -1 -1 6.000 0 0 7 0 0 2
           3450 182250 367010 182250
4 0 0 50 -1 0 10 0.0000 4 135 120 3150 182975 941\001
2 1 2 2 0 7 50 -1 -1 6.000 0 0 7 0 0 2
           3450 182850 367010 182850
4 0 0 50 -1 0 10 0.0000 4 135 120 3150 184175 125\001
4 0 0 50 -1 0 10 0.0000 4 135 120 950 183575 ['facebook', 'PSI*', 'F']\001
2 1 2 2 0 7 50 -1 -1 6.000 0 0 7 0 0 2
           3450 184050 367010 184050
4 0 0 50 -1 0 10 0.0000 4 135 120 3150 184775 333\001
2 1 2 2 0 7 50 -1 -1 6.000 0 0 7 0 0 2
           3450 184650 367010 184650
4 0 0 50 -1 0 10 0.0000 4 135 120 3150 185375 434\001
2 1 2 2 0 7 50 -1 -1 6.000 0 0 7 0 0 2
           3450 185250 367010 185250
4 0 0 50 -1 0 10 0.0000 4 135 120 3150 185975 440\001
2 1 2 2 0 7 50 -1 -1 6.000 0 0 7 0 0 2
           3450 185850 367010 185850
4 0 0 50 -1 0 10 0.0000 4 135 120 3250 186575 47\001
2 1 2 2 0 7 50 -1 -1 6.000 0 0 7 0 0 2
           3450 186450 367010 186450
4 0 0 50 -1 0 10 0.0000 4 135 120 3150 187175 491\001
2 1 2 2 0 7 50 -1 -1 6.000 0 0 7 0 0 2
           3450 187050 367010 187050
4 0 0 50 -1 0 10 0.0000 4 135 120 3150 187775 647\001
2 1 2 2 0 7 50 -1 -1 6.000 0 0 7 0 0 2
           3450 187650 367010 187650
4 0 0 50 -1 0 10 0.0000 4 135 120 3150 188375 797\001
2 1 2 2 0 7 50 -1 -1 6.000 0 0 7 0 0 2
           3450 188250 367010 188250
4 0 0 50 -1 0 10 0.0000 4 135 120 3150 188975 920\001
2 1 2 2 0 7 50 -1 -1 6.000 0 0 7 0 0 2
           3450 188850 367010 188850
4 0 0 50 -1 0 10 0.0000 4 135 120 3150 189575 921\001
2 1 2 2 0 7 50 -1 -1 6.000 0 0 7 0 0 2
           3450 189450 367010 189450